Time   1.0000
El      1   SH4                                     EL1      1      2      7      6           5      4
    0.2113    0.2113    0.0000 -0.906 C   1.6635e-05   0.0000e+00  -7.3150e-01  -7.5129e-01   0.0000e+00   1.6246e-01   1.5865e-01  -1.5759e+00    -2.10    0.634  0.631  0.447     0.52    0.308  0.324 -0.895     1.58    0.710 -0.704 -0.011 0.15865  -1.57590
    0.2113    0.2113    0.0000 -0.538 C   9.5217e-06   0.0000e+00  -1.0292e-01  -1.1163e-01   0.0000e+00   1.6246e-01   1.5865e-01  -1.0127e+00    -1.03    0.700  0.699  0.145     0.02    0.098  0.107 -0.989     1.01    0.707 -0.707 -0.006 0.15865  -1.01271
    0.2113    0.2113    0.0000  0.000 C   0.0000e+00   0.0000e+00   6.9415e-01   7.0883e-01   0.0000e+00   2.7076e-01   2.6441e-01  -1.0811e-01    -1.05   -0.518 -0.509  0.688     0.11   -0.699  0.715  0.002     0.94    0.493  0.480  0.726 0.26441  -0.10811
    0.2113    0.2113    0.0000  0.538 C   6.4909e-06   0.0000e+00  -8.5095e-02  -5.4462e-02   0.0000e+00   1.6246e-01   1.5865e-01   1.0053e+00    -1.01    0.706 -0.708 -0.022    -0.01   -0.084 -0.053 -0.995     1.01    0.703  0.705 -0.097 0.15865   1.00533
    0.2113    0.2113    0.0000  0.906 C   1.2454e-05   0.0000e+00  -7.9335e-01  -7.5129e-01   0.0000e+00   1.6246e-01   1.5865e-01   1.6484e+00    -1.65    0.701 -0.712 -0.023    -0.54    0.332  0.298  0.895     2.19   -0.630 -0.635  0.446 0.15865   1.64843
    0.2113    0.2113    0.0000  0.800 R   2.1991e+00   0.0000e+00   0.0000e+00   0.0000e+00   0.0000e+00   0.0000e+00                               0.00    0.000  1.000  0.000     0.00    0.000  0.000  1.000     2.20    1.000  0.000  0.000
    0.2113    0.2113    0.0000  0.800 R   9.8129e-33   2.6172e+00   0.0000e+00   0.0000e+00   0.0000e+00   1.6026e-16                              -0.00   -1.000  0.000  0.000     0.00    0.000  0.000  1.000     2.62    0.000  1.000  0.000
    0.2113    0.2113    0.0000 -0.800 R   4.4965e+00   0.0000e+00   0.0000e+00   0.0000e+00   0.0000e+00   0.0000e+00                               0.00    0.000  1.000  0.000     0.00    0.000  0.000  1.000     4.50    1.000  0.000  0.000
    0.2113    0.2113    0.0000 -0.800 R   1.6092e-32   4.2919e+00   0.0000e+00   0.0000e+00   0.0000e+00   2.6280e-16                               0.00   -1.000  0.000  0.000     0.00    0.000  0.000  1.000     4.29    0.000  1.000  0.000
    0.2113    0.2113    0.0000        Z   3.8016e-03   3.8881e-03  -5.9813e-03  -1.5991e-04  -1.2671e-04   1.8943e-02  -4.0315e-03  -7.0470e-03     1.0000  0.0000 -0.0000  -0.0000  1.0000 -0.0000
    0.2113    0.7887    0.0000 -0.906 C   1.7652e-05   0.0000e+00  -5.3991e-01  -7.1898e-01   0.0000e+00   1.6246e-01  -1.7252e-02  -1.4511e+00    -1.87    0.650  0.627  0.430     0.41    0.226  0.380 -0.897     1.46    0.726 -0.680 -0.105-0.01725  -1.45114
    0.2113    0.7887    0.0000 -0.538 C   1.0132e-05   0.0000e+00  -1.5019e-02  -1.0886e-01   0.0000e+00   1.6246e-01  -1.7252e-02  -9.6018e-01    -0.97    0.706  0.702  0.090     0.00    0.015  0.113 -0.994     0.96    0.708 -0.703 -0.069-0.01725  -0.96018
    0.2113    0.7887    0.0000  0.000 C   0.0000e+00   0.0000e+00   6.0860e-01   6.9172e-01   0.0000e+00   2.7076e-01  -2.8753e-02  -1.6326e-01    -1.01   -0.545 -0.497  0.675     0.16   -0.657  0.753  0.024     0.84    0.521  0.431  0.737-0.02875  -0.16326
    0.2113    0.7887    0.0000  0.538 C   4.5053e-06   0.0000e+00  -2.0358e-01   5.1668e-02   0.0000e+00   1.6246e-01  -1.7252e-02   1.0234e+00    -1.05   -0.691  0.703  0.170     0.02   -0.194  0.046 -0.980     1.03    0.697  0.710 -0.105-0.01725   1.02342
    0.2113    0.7887    0.0000  0.906 C   9.5369e-06   0.0000e+00  -9.7099e-01  -6.1195e-01   0.0000e+00   1.6246e-01  -1.7252e-02   1.6872e+00    -1.73    0.652 -0.736 -0.182    -0.51    0.449  0.181  0.875     2.25   -0.611 -0.652  0.448-0.01725   1.68717
    0.2113    0.7887    0.0000  0.800 R  -6.0991e-01   0.0000e+00   0.0000e+00   0.0000e+00   0.0000e+00   0.0000e+00                              -0.61    1.000  0.000  0.000     0.00    0.000  1.000  0.000     0.00    0.000  0.000  1.000
    0.2113    0.7887    0.0000  0.800 R   9.8129e-33   2.6172e+00   0.0000e+00   0.0000e+00   0.0000e+00   1.6026e-16                              -0.00   -1.000  0.000  0.000     0.00    0.000  0.000  1.000     2.62    0.000  1.000  0.000
    0.2113    0.7887    0.0000 -0.800 R   6.3100e+00   0.0000e+00   0.0000e+00   0.0000e+00   0.0000e+00   0.0000e+00                               0.00    0.000  1.000  0.000     0.00    0.000  0.000  1.000     6.31    1.000  0.000  0.000
    0.2113    0.7887    0.0000 -0.800 R   1.6092e-32   4.2919e+00   0.0000e+00   0.0000e+00   0.0000e+00   2.6280e-16                               0.00   -1.000  0.000  0.000     0.00    0.000  0.000  1.000     4.29    0.000  1.000  0.000
    0.2113    0.7887    0.0000        Z   3.4846e-03   3.8881e-03  -8.3537e-04  -4.0932e-04  -1.2671e-04   1.8516e-02   6.3506e-03  -1.4547e-02     1.0000  0.0000 -0.0000  -0.0000  1.0000 -0.0000
    0.7887    0.2113    0.0000 -0.906 C   1.6239e-05   0.0000e+00  -6.4050e-01  -5.9594e-01   0.0000e+00  -1.0907e-02   1.5865e-01  -1.4565e+00    -1.87    0.637  0.643  0.424     0.41    0.319  0.281 -0.905     1.46    0.701 -0.712  0.026 0.15865  -1.45649
    0.7887    0.2113    0.0000 -0.538 C   9.1674e-06   0.0000e+00  -5.7344e-02  -5.2742e-02   0.0000e+00  -1.0907e-02   1.5865e-01  -9.6398e-01    -0.97    0.705  0.705  0.080     0.01    0.059  0.054 -0.997     0.96    0.707 -0.707  0.003 0.15865  -0.96398
    0.7887    0.2113    0.0000  0.000 C   0.0000e+00   0.0000e+00   6.6658e-01   5.7097e-01   0.0000e+00  -1.8179e-02   2.6441e-01  -1.4233e-01    -0.95    0.489  0.548 -0.678     0.14   -0.762  0.647 -0.026     0.81    0.424  0.530  0.734 0.26441  -0.14233
    0.7887    0.2113    0.0000  0.538 C   4.5248e-06   0.0000e+00   2.9048e-02  -1.2549e-01   0.0000e+00  -1.0907e-02   1.5865e-01   1.0004e+00    -1.01   -0.706  0.700 -0.108     0.01    0.028 -0.124 -0.992     1.01    0.708  0.703 -0.068 0.15865   1.00044
    0.7887    0.2113    0.0000  0.906 C   9.6211e-06   0.0000e+00  -6.3189e-01  -8.2586e-01   0.0000e+00  -1.0907e-02   1.5865e-01   1.6304e+00    -1.64    0.726 -0.680  0.103    -0.49    0.232  0.384  0.894     2.13   -0.647 -0.625  0.436 0.15865   1.63038
    0.7887    0.2113    0.0000  0.800 R   2.1991e+00   0.0000e+00   0.0000e+00   0.0000e+00   0.0000e+00   0.0000e+00                               0.00    0.000  1.000  0.000     0.00    0.000  0.000  1.000     2.20    1.000  0.000  0.000
    0.7887    0.2113    0.0000  0.800 R   1.4612e-33   3.8971e-01   0.0000e+00   0.0000e+00   0.0000e+00   2.3863e-17                               0.00   -1.000  0.000  0.000     0.00    0.000  0.000  1.000     0.39    0.000  1.000  0.000
    0.7887    0.2113    0.0000 -0.800 R   4.4965e+00   0.0000e+00   0.0000e+00   0.0000e+00   0.0000e+00   0.0000e+00                               0.00    0.000  1.000  0.000     0.00    0.000  0.000  1.000     4.50    1.000  0.000  0.000
    0.7887    0.2113    0.0000 -0.800 R   1.8429e-32   4.9152e+00   0.0000e+00   0.0000e+00   0.0000e+00   3.0097e-16                              -0.00   -1.000  0.000  0.000     0.00    0.000  0.000  1.000     4.92    0.000  1.000  0.000
    0.7887    0.2113    0.0000        Z   3.8016e-03   3.1473e-03  -2.7900e-03  -1.5991e-04  -2.7558e-04   1.8266e-02  -1.2169e-02   8.0251e-03     1.0000  0.0000 -0.0000  -0.0000  1.0000 -0.0000
    0.7887    0.7887    0.0000 -0.906 C   1.7238e-05   0.0000e+00  -4.4728e-01  -5.6149e-01   0.0000e+00  -1.0907e-02  -1.7252e-02  -1.3317e+00    -1.64    0.656  0.641  0.399     0.30    0.231  0.333 -0.914     1.34    0.719 -0.692 -0.070-0.01725  -1.33170
    0.7887    0.7887    0.0000 -0.538 C   9.7754e-06   0.0000e+00   3.0857e-02  -4.9740e-02   0.0000e+00  -1.0907e-02  -1.7252e-02  -9.1146e-01    -0.91    0.707  0.707  0.015    -0.00   -0.034  0.054 -0.998     0.92   -0.706  0.705  0.062-0.01725  -0.91146
    0.7887    0.7887    0.0000  0.000 C   0.0000e+00   0.0000e+00   5.8103e-01   5.5386e-01   0.0000e+00  -1.8179e-02  -2.8753e-02  -1.9748e-01    -0.91   -0.521 -0.538  0.663     0.20    0.726 -0.688  0.013     0.71    0.448  0.488  0.749-0.02875  -0.19748
    0.7887    0.7887    0.0000  0.538 C   2.4580e-06   0.0000e+00  -8.2741e-02  -9.4521e-03   0.0000e+00  -1.0907e-02  -1.7252e-02   1.0212e+00    -1.02    0.705 -0.707 -0.051    -0.00   -0.081 -0.009 -0.997     1.03    0.705  0.707 -0.064-0.01725   1.02117
    0.7887    0.7887    0.0000  0.906 C   6.6084e-06   0.0000e+00  -8.0178e-01  -6.7475e-01   0.0000e+00  -1.0907e-02  -1.7252e-02   1.6714e+00    -1.68    0.691 -0.720 -0.066    -0.50    0.355  0.258  0.899     2.17   -0.630 -0.644  0.433-0.01725   1.67138
    0.7887    0.7887    0.0000  0.800 R  -6.0991e-01   0.0000e+00   0.0000e+00   0.0000e+00   0.0000e+00   0.0000e+00                              -0.61    1.000  0.000  0.000     0.00    0.000  1.000  0.000     0.00    0.000  0.000  1.000
    0.7887    0.7887    0.0000  0.800 R   1.4612e-33   3.8971e-01   0.0000e+00   0.0000e+00   0.0000e+00   2.3863e-17                               0.00   -1.000  0.000  0.000     0.00    0.000  0.000  1.000     0.39    0.000  1.000  0.000
    0.7887    0.7887    0.0000 -0.800 R   6.3100e+00   0.0000e+00   0.0000e+00   0.0000e+00   0.0000e+00   0.0000e+00                               0.00    0.000  1.000  0.000     0.00    0.000  0.000  1.000     6.31    1.000  0.000  0.000
    0.7887    0.7887    0.0000 -0.800 R   1.8429e-32   4.9152e+00   0.0000e+00   0.0000e+00   0.0000e+00   3.0097e-16                              -0.00   -1.000  0.000  0.000     0.00    0.000  0.000  1.000     4.92    0.000  1.000  0.000
    0.7887    0.7887    0.0000        Z   3.4846e-03   3.1473e-03   2.5804e-03  -4.0932e-04  -2.7558e-04   1.7857e-02  -7.6795e-04   1.2216e-03     1.0000  0.0000 -0.0000  -0.0000  1.0000 -0.0000
El      2   SH4                                     EL1      2      3      8      7           5      4
    1.2113    0.2113    0.0000 -0.906 C   1.0967e-05   0.0000e+00  -3.8990e-01  -2.6473e-01   0.0000e+00  -5.8835e-02   1.0918e-01  -1.2166e+00    -1.37    0.662  0.678  0.320     0.15    0.282  0.171 -0.944     1.22    0.694 -0.715  0.078 0.10918  -1.21661
    1.2113    0.2113    0.0000 -0.538 C   5.4739e-06   0.0000e+00   4.8921e-03   1.1345e-01   0.0000e+00  -5.8835e-02   1.0918e-01  -8.8486e-01    -0.89    0.707  0.701 -0.094     0.00   -0.005 -0.127 -0.992     0.89    0.707 -0.702  0.086 0.10918  -0.88486
    1.2113    0.2113    0.0000  0.000 C   0.0000e+00   0.0000e+00   2.8883e-01   3.6995e-01   0.0000e+00  -9.8059e-02   1.8196e-01  -2.0166e-01    -0.58   -0.581 -0.516  0.629     0.19   -0.556  0.816  0.155     0.39    0.594  0.260  0.762 0.18196  -0.20166
    1.2113    0.2113    0.0000  0.538 C   0.0000e+00   0.0000e+00   6.4626e-02   7.5046e-02   0.0000e+00  -9.8059e-02   1.8196e-01   8.3407e-01    -0.83   -0.707  0.707  0.009    -0.01    0.076  0.088 -0.993     0.85   -0.703 -0.702 -0.116 0.18196   0.83407
    1.2113    0.2113    0.0000  0.906 C   3.1042e-06   0.0000e+00  -3.6971e-01  -4.0300e-01   0.0000e+00  -5.8835e-02   1.0918e-01   1.3554e+00    -1.36    0.710 -0.704  0.019    -0.19    0.222  0.249  0.943     1.55   -0.669 -0.665  0.333 0.10918   1.35539
    1.2113    0.2113    0.0000  0.800 R  -1.8566e-01   0.0000e+00   0.0000e+00   0.0000e+00   0.0000e+00   0.0000e+00                              -0.19    1.000  0.000  0.000     0.00    0.000  1.000  0.000     0.00    0.000  0.000  1.000
    1.2113    0.2113    0.0000  0.800 R  -1.3482e-33  -3.5959e-01   0.0000e+00   0.0000e+00   0.0000e+00  -2.2018e-17                              -0.36    0.000  1.000  0.000     0.00   -1.000  0.000  0.000     0.00    0.000  0.000  1.000
    1.2113    0.2113    0.0000 -0.800 R   2.7898e+00   0.0000e+00   0.0000e+00   0.0000e+00   0.0000e+00   0.0000e+00                               0.00    0.000  1.000  0.000     0.00    0.000  0.000  1.000     2.79    1.000  0.000  0.000
    1.2113    0.2113    0.0000 -0.800 R   1.5536e-32   4.1436e+00   0.0000e+00   0.0000e+00   0.0000e+00   2.5372e-16                               0.00   -1.000  0.000  0.000     0.00    0.000  0.000  1.000     4.14    0.000  1.000  0.000
    1.2113    0.2113    0.0000        Z   1.5827e-03   2.3087e-03  -1.3269e-02  -1.7677e-04  -2.6674e-04   1.5550e-02   1.7810e-02   2.2020e-03     1.0000  0.0000 -0.0000  -0.0000  1.0000 -0.0000
    1.2113    0.7887    0.0000 -0.906 C   1.5762e-05   0.0000e+00  -1.1901e-01  -4.0075e-01   0.0000e+00  -5.8835e-02  -5.3856e-03  -1.0940e+00    -1.21    0.693  0.657  0.295     0.08    0.078  0.338 -0.938     1.13    0.716 -0.673 -0.183-0.00539  -1.09403
    1.2113    0.7887    0.0000 -0.538 C   8.8016e-06   0.0000e+00   1.9498e-01  -1.0727e-02   0.0000e+00  -5.8835e-02  -5.3856e-03  -8.1398e-01    -0.83   -0.689 -0.708  0.157    -0.00    0.233 -0.011  0.972     0.84   -0.687  0.706  0.173-0.00539  -0.81398
    1.2113    0.7887    0.0000  0.000 C   0.0000e+00   0.0000e+00   4.6277e-01   4.0473e-01   0.0000e+00  -9.8059e-02  -8.9760e-03  -2.8935e-01    -0.78    0.537  0.571 -0.621     0.28    0.781 -0.615  0.109     0.49   -0.320 -0.543 -0.776-0.00898  -0.28935
    1.2113    0.7887    0.0000  0.538 C   0.0000e+00   0.0000e+00  -2.1713e-01   1.8694e-02   0.0000e+00  -9.8059e-02  -8.9760e-03   8.1375e-01    -0.85   -0.682  0.705  0.196     0.01   -0.258  0.019 -0.966     0.84    0.685  0.709 -0.168-0.00898   0.81375
    1.2113    0.7887    0.0000  0.906 C   1.1858e-06   0.0000e+00  -7.5266e-01  -3.3059e-01   0.0000e+00  -5.8835e-02  -5.3856e-03   1.5152e+00    -1.58    0.654 -0.727 -0.210    -0.26    0.425  0.123  0.897     1.84   -0.626 -0.675  0.389-0.00539   1.51523
    1.2113    0.7887    0.0000  0.800 R  -3.1127e+00   0.0000e+00   0.0000e+00   0.0000e+00   0.0000e+00   0.0000e+00                              -3.11    1.000  0.000  0.000     0.00    0.000  1.000  0.000     0.00    0.000  0.000  1.000
    1.2113    0.7887    0.0000  0.800 R  -1.3482e-33  -3.5959e-01   0.0000e+00   0.0000e+00   0.0000e+00  -2.2018e-17                              -0.36    0.000  1.000  0.000     0.00   -1.000  0.000  0.000     0.00    0.000  0.000  1.000
    1.2113    0.7887    0.0000 -0.800 R   7.7408e+00   0.0000e+00   0.0000e+00   0.0000e+00   0.0000e+00   0.0000e+00                               0.00    0.000  1.000  0.000     0.00    0.000  0.000  1.000     7.74    1.000  0.000  0.000
    1.2113    0.7887    0.0000 -0.800 R   1.5536e-32   4.1436e+00   0.0000e+00   0.0000e+00   0.0000e+00   2.5372e-16                               0.00   -1.000  0.000  0.000     0.00    0.000  0.000  1.000     4.14    0.000  1.000  0.000
    1.2113    0.7887    0.0000        Z   3.0911e-03   2.3087e-03  -8.1155e-03  -6.2044e-04  -2.6674e-04   1.5308e-02   7.5986e-03   5.7677e-03     1.0000  0.0000 -0.0000  -0.0000  1.0000 -0.0000
    1.7887    0.2113    0.0000 -0.906 C   6.7841e-06   0.0000e+00  -1.2493e-01  -2.7023e-01   0.0000e+00  -1.6412e-02   1.0918e-01  -1.1278e+00    -1.19    0.695  0.681  0.229     0.06    0.096  0.227 -0.969     1.14    0.712 -0.696 -0.093 0.10918  -1.12780
    1.7887    0.2113    0.0000 -0.538 C   2.4891e-06   0.0000e+00   2.0188e-01   6.7242e-02   0.0000e+00  -1.6412e-02   1.0918e-01  -8.3814e-01    -0.88   -0.683 -0.699  0.213     0.03   -0.231 -0.069 -0.970     0.85   -0.693  0.712  0.114 0.10918  -0.83814
    1.7887    0.2113    0.0000  0.000 C   0.0000e+00   0.0000e+00   2.4499e-01   1.5072e-01   0.0000e+00  -2.7353e-02   1.8196e-01  -1.3208e-01    -0.36   -0.489 -0.609  0.624     0.11    0.869 -0.405  0.285     0.25    0.080  0.682  0.727 0.18196  -0.13208
    1.7887    0.2113    0.0000  0.538 C   0.0000e+00   0.0000e+00   5.4466e-02   2.4245e-02   0.0000e+00  -2.7353e-02   1.8196e-01   7.2136e-01    -0.72   -0.706  0.708 -0.030    -0.00    0.075  0.033 -0.997     0.73   -0.704 -0.706 -0.077 0.18196   0.72136
    1.7887    0.2113    0.0000  0.906 C   1.8604e-06   0.0000e+00  -2.2740e-01  -2.1493e-01   0.0000e+00  -1.6412e-02   1.0918e-01   1.2026e+00    -1.20    0.706 -0.708 -0.008    -0.08    0.173  0.163  0.971     1.28   -0.686 -0.687  0.238 0.10918   1.20264
    1.7887    0.2113    0.0000  0.800 R  -1.8566e-01   0.0000e+00   0.0000e+00   0.0000e+00   0.0000e+00   0.0000e+00                              -0.19    1.000  0.000  0.000     0.00    0.000  1.000  0.000     0.00    0.000  0.000  1.000
    1.7887    0.2113    0.0000  0.800 R  -6.7191e-34  -1.7920e-01   0.0000e+00   0.0000e+00   0.0000e+00  -1.0973e-17                              -0.18    0.000  1.000  0.000     0.00   -1.000  0.000  0.000     0.00    0.000  0.000  1.000
    1.7887    0.2113    0.0000 -0.800 R   2.7898e+00   0.0000e+00   0.0000e+00   0.0000e+00   0.0000e+00   0.0000e+00                               0.00    0.000  1.000  0.000     0.00    0.000  0.000  1.000     2.79    1.000  0.000  0.000
    1.7887    0.2113    0.0000 -0.800 R   5.2949e-33   1.4122e+00   0.0000e+00   0.0000e+00   0.0000e+00   8.6472e-17                              -0.00   -1.000  0.000  0.000     0.00    0.000  0.000  1.000     1.41    0.000  1.000  0.000
    1.7887    0.2113    0.0000        Z   1.5827e-03   7.5848e-04  -1.4162e-02  -1.7677e-04  -9.3743e-05   1.4098e-02   1.8228e-03   2.2324e-02     1.0000  0.0000 -0.0000  -0.0000  1.0000 -0.0000
    1.7887    0.7887    0.0000 -0.906 C   1.1858e-05   0.0000e+00   1.1236e-01  -4.2983e-01   0.0000e+00  -1.6412e-02  -5.3856e-03  -1.0049e+00    -1.06    0.718  0.660  0.222    -0.08   -0.072  0.387 -0.919     1.14   -0.692  0.644  0.325-0.00539  -1.00486
    1.7887    0.7887    0.0000 -0.538 C   6.0358e-06   0.0000e+00   3.6670e-01  -7.6444e-02   0.0000e+00  -1.6412e-02  -5.3856e-03  -7.6348e-01    -0.82   -0.645 -0.718  0.261    -0.06    0.429 -0.057  0.902     0.88   -0.633  0.694  0.344-0.00539  -0.76348
    1.7887    0.7887    0.0000  0.000 C   0.0000e+00   0.0000e+00   4.1892e-01   1.8551e-01   0.0000e+00  -2.7353e-02  -8.9760e-03  -2.1977e-01    -0.56    0.453  0.638 -0.622     0.14    0.888 -0.265  0.375     0.42    0.075 -0.723 -0.687-0.00898  -0.21977
    1.7887    0.7887    0.0000  0.538 C   0.0000e+00   0.0000e+00  -2.2729e-01  -3.2106e-02   0.0000e+00  -2.7353e-02  -8.9760e-03   7.0104e-01    -0.73    0.676 -0.711 -0.192    -0.02    0.307  0.035  0.951     0.75   -0.669 -0.702  0.242-0.00898   0.70104
    1.7887    0.7887    0.0000  0.906 C   0.0000e+00   0.0000e+00  -6.6858e-01  -1.8071e-01   0.0000e+00  -2.7353e-02  -8.9760e-03   1.3299e+00    -1.42    0.642 -0.722 -0.258    -0.14    0.442  0.074  0.894     1.57   -0.626 -0.688  0.366-0.00898   1.32985
    1.7887    0.7887    0.0000  0.800 R  -3.1127e+00   0.0000e+00   0.0000e+00   0.0000e+00   0.0000e+00   0.0000e+00                              -3.11    1.000  0.000  0.000     0.00    0.000  1.000  0.000     0.00    0.000  0.000  1.000
    1.7887    0.7887    0.0000  0.800 R  -6.7191e-34  -1.7920e-01   0.0000e+00   0.0000e+00   0.0000e+00  -1.0973e-17                              -0.18    0.000  1.000  0.000     0.00   -1.000  0.000  0.000     0.00    0.000  0.000  1.000
    1.7887    0.7887    0.0000 -0.800 R   7.7408e+00   0.0000e+00   0.0000e+00   0.0000e+00   0.0000e+00   0.0000e+00                               0.00    0.000  1.000  0.000     0.00    0.000  0.000  1.000     7.74    1.000  0.000  0.000
    1.7887    0.7887    0.0000 -0.800 R   5.2949e-33   1.4122e+00   0.0000e+00   0.0000e+00   0.0000e+00   8.6472e-17                              -0.00   -1.000  0.000  0.000     0.00    0.000  0.000  1.000     1.41    0.000  1.000  0.000
    1.7887    0.7887    0.0000        Z   3.0911e-03   7.5848e-04  -9.7387e-03  -6.2044e-04  -9.3743e-05   1.3730e-02  -1.1384e-02   2.1658e-02     1.0000  0.0000 -0.0000  -0.0000  1.0000 -0.0000
El      3   SH4                                     EL1      3      4      9      8           5      4
    2.2113    0.2113    0.0000 -0.906 C   1.8714e-06   0.0000e+00   2.2968e-01   1.5338e-03   0.0000e+00  -6.6944e-03   5.0520e-02  -8.5820e-01    -0.89   -0.683 -0.707  0.184     0.00   -0.259 -0.002 -0.966     0.89   -0.683  0.707  0.182 0.05052  -0.85820
    2.2113    0.2113    0.0000 -0.538 C   0.0000e+00   0.0000e+00   3.1524e-01   1.0506e-01   0.0000e+00  -1.1157e-02   8.4200e-02  -5.9611e-01    -0.72   -0.620 -0.682  0.388     0.09   -0.455 -0.090 -0.886     0.64   -0.639  0.726  0.254 0.08420  -0.59611
    2.2113    0.2113    0.0000  0.000 C   0.0000e+00   0.0000e+00   1.8941e-01   4.6101e-02   0.0000e+00  -1.1157e-02   8.4200e-02  -5.9768e-02    -0.22    0.329  0.673 -0.662     0.03    0.943 -0.193  0.272     0.19    0.055 -0.714 -0.698 0.08420  -0.05977
    2.2113    0.2113    0.0000  0.538 C   0.0000e+00   0.0000e+00   6.3584e-02  -1.2856e-02   0.0000e+00  -1.1157e-02   8.4200e-02   4.7658e-01    -0.48    0.700 -0.706  0.112     0.00    0.132 -0.026 -0.991     0.48   -0.702 -0.708 -0.075 0.08420   0.47658
    2.2113    0.2113    0.0000  0.906 C   0.0000e+00   0.0000e+00  -2.2340e-02  -5.3117e-02   0.0000e+00  -1.1157e-02   8.4200e-02   8.4284e-01    -0.84    0.707 -0.706  0.026    -0.00   -0.026 -0.063 -0.998     0.85    0.706  0.705 -0.063 0.08420   0.84284
    2.2113    0.2113    0.0000  0.800 R   6.5270e-02   0.0000e+00   0.0000e+00   0.0000e+00   0.0000e+00   0.0000e+00                               0.00    0.000  1.000  0.000     0.00    0.000  0.000  1.000     0.07    1.000  0.000  0.000
    2.2113    0.2113    0.0000  0.800 R  -9.5406e-34  -2.5446e-01   0.0000e+00   0.0000e+00   0.0000e+00  -1.5581e-17                              -0.25    0.000  1.000  0.000     0.00   -1.000  0.000  0.000     0.00    0.000  0.000  1.000
    2.2113    0.2113    0.0000 -0.800 R   2.1189e+00   0.0000e+00   0.0000e+00   0.0000e+00   0.0000e+00   0.0000e+00                               0.00    0.000  1.000  0.000     0.00    0.000  0.000  1.000     2.12    1.000  0.000  0.000
    2.2113    0.2113    0.0000 -0.800 R   1.3276e-33   3.5408e-01   0.0000e+00   0.0000e+00   0.0000e+00   2.1681e-17                               0.00   -1.000  0.000  0.000     0.00    0.000  0.000  1.000     0.35    0.000  1.000  0.000
    2.2113    0.2113    0.0000        Z   1.3053e-03   8.5282e-05  -1.1857e-02  -1.2393e-04  -3.3988e-05   1.0026e-02   7.2669e-03   4.2274e-02     1.0000  0.0000 -0.0000  -0.0000  1.0000 -0.0000
    2.2113    0.7887    0.0000 -0.906 C   3.2354e-06   0.0000e+00   3.6576e-01  -4.0810e-02   0.0000e+00  -6.6944e-03   4.0722e-04  -7.7917e-01    -0.85   -0.644 -0.713  0.277    -0.03    0.424 -0.030  0.905     0.88   -0.637  0.700  0.322 0.00041  -0.77917
    2.2113    0.7887    0.0000 -0.538 C   0.0000e+00   0.0000e+00   4.8415e-01   1.3884e-01   0.0000e+00  -1.1157e-02   6.7870e-04  -6.0962e-01    -0.85    0.563  0.675 -0.477     0.13    0.615  0.043  0.787     0.71   -0.552  0.736  0.392 0.00068  -0.60962
    2.2113    0.7887    0.0000  0.000 C   0.0000e+00   0.0000e+00   1.4530e-01   3.7280e-02   0.0000e+00  -1.1157e-02   6.7870e-04  -7.8515e-02    -0.18    0.414  0.669 -0.617     0.03    0.883 -0.132  0.450     0.15    0.220 -0.731 -0.646 0.00068  -0.07852
    2.2113    0.7887    0.0000  0.538 C   0.0000e+00   0.0000e+00  -1.9354e-01  -6.4281e-02   0.0000e+00  -1.1157e-02   6.7870e-04   4.5259e-01    -0.47    0.663 -0.720 -0.205    -0.05    0.384  0.091  0.919     0.52   -0.643 -0.688  0.337 0.00068   0.45259
    2.2113    0.7887    0.0000  0.906 C   0.0000e+00   0.0000e+00  -4.2493e-01  -1.3364e-01   0.0000e+00  -1.1157e-02   6.7870e-04   8.1527e-01    -0.87    0.640 -0.725 -0.256    -0.11    0.452  0.085  0.888     0.98   -0.622 -0.684  0.382 0.00068   0.81527
    2.2113    0.7887    0.0000  0.800 R  -2.0327e+00   0.0000e+00   0.0000e+00   0.0000e+00   0.0000e+00   0.0000e+00                              -2.03    1.000  0.000  0.000     0.00    0.000  1.000  0.000     0.00    0.000  0.000  1.000
    2.2113    0.7887    0.0000  0.800 R  -9.5406e-34  -2.5446e-01   0.0000e+00   0.0000e+00   0.0000e+00  -1.5581e-17                              -0.25    0.000  1.000  0.000     0.00   -1.000  0.000  0.000     0.00    0.000  0.000  1.000
    2.2113    0.7887    0.0000 -0.800 R   3.7036e+00   0.0000e+00   0.0000e+00   0.0000e+00   0.0000e+00   0.0000e+00                               0.00    0.000  1.000  0.000     0.00    0.000  0.000  1.000     3.70    1.000  0.000  0.000
    2.2113    0.7887    0.0000 -0.800 R   1.3276e-33   3.5408e-01   0.0000e+00   0.0000e+00   0.0000e+00   2.1681e-17                               0.00   -1.000  0.000  0.000     0.00    0.000  0.000  1.000     0.35    0.000  1.000  0.000
    2.2113    0.7887    0.0000        Z   1.2069e-03   8.5282e-05  -1.3909e-02  -3.2404e-04  -3.3988e-05   9.6263e-03   1.9455e-03   2.5967e-02     1.0000  0.0000 -0.0000  -0.0000  1.0000 -0.0000
    2.7887    0.2113    0.0000 -0.906 C   1.0139e-06   0.0000e+00   3.1884e-01   5.8276e-02   0.0000e+00  -2.2570e-02   5.0520e-02  -7.9071e-01    -0.87   -0.651 -0.698  0.298     0.04   -0.371 -0.049 -0.927     0.83   -0.662  0.714  0.227 0.05052  -0.79071
    2.7887    0.2113    0.0000 -0.538 C   0.0000e+00   0.0000e+00   3.0848e-01   7.1297e-02   0.0000e+00  -3.7616e-02   8.4200e-02  -5.2855e-01    -0.64   -0.608 -0.688  0.396     0.06   -0.498 -0.058 -0.865     0.58   -0.618  0.723  0.307 0.08420  -0.52855
    2.7887    0.2113    0.0000  0.000 C   0.0000e+00   0.0000e+00   1.8004e-01  -7.6668e-04   0.0000e+00  -3.7616e-02   8.4200e-02  -7.7411e-02    -0.20    0.277  0.708 -0.650    -0.00    0.919  0.003  0.395     0.20   -0.281  0.707  0.649 0.08420  -0.07741
    2.7887    0.2113    0.0000  0.538 C   0.0000e+00   0.0000e+00   5.1589e-02  -7.2831e-02   0.0000e+00  -3.7616e-02   8.4200e-02   3.7373e-01    -0.39    0.693 -0.687  0.218     0.02    0.125 -0.184 -0.975     0.37   -0.710 -0.703  0.041 0.08420   0.37373
    2.7887    0.2113    0.0000  0.906 C   0.0000e+00   0.0000e+00  -3.6125e-02  -1.2204e-01   0.0000e+00  -3.7616e-02   8.4200e-02   6.8180e-01    -0.69    0.709 -0.699  0.089    -0.01   -0.049 -0.175 -0.983     0.70    0.703  0.693 -0.158 0.08420   0.68180
    2.7887    0.2113    0.0000  0.800 R   6.5270e-02   0.0000e+00   0.0000e+00   0.0000e+00   0.0000e+00   0.0000e+00                               0.00    0.000  1.000  0.000     0.00    0.000  0.000  1.000     0.07    1.000  0.000  0.000
    2.7887    0.2113    0.0000  0.800 R  -2.4013e-33  -6.4044e-01   0.0000e+00   0.0000e+00   0.0000e+00  -3.9215e-17                              -0.64    0.000  1.000  0.000     0.00    0.000  0.000  1.000     0.00   -1.000  0.000  0.000
    2.7887    0.2113    0.0000 -0.800 R   2.1189e+00   0.0000e+00   0.0000e+00   0.0000e+00   0.0000e+00   0.0000e+00                               0.00    0.000  1.000  0.000     0.00    0.000  0.000  1.000     2.12    1.000  0.000  0.000
    2.7887    0.2113    0.0000 -0.800 R   7.2997e-34   1.9469e-01   0.0000e+00   0.0000e+00   0.0000e+00   1.1921e-17                              -0.00   -1.000  0.000  0.000     0.00    0.000  0.000  1.000     0.19    0.000  1.000  0.000
    2.7887    0.2113    0.0000        Z   1.3053e-03  -2.0368e-04  -1.7993e-02  -1.2393e-04  -4.3730e-05   8.5732e-03  -2.0347e-03   4.2718e-02     1.0000  0.0000 -0.0000  -0.0000  1.0000 -0.0000
    2.7887    0.7887    0.0000 -0.906 C   2.4074e-06   0.0000e+00   4.5348e-01   1.1340e-02   0.0000e+00  -2.2570e-02   4.0722e-04  -7.0997e-01    -0.85   -0.596 -0.705  0.385     0.01   -0.538 -0.006 -0.843     0.84   -0.596  0.709  0.376 0.00041  -0.70997
    2.7887    0.7887    0.0000 -0.538 C   0.0000e+00   0.0000e+00   4.7740e-01   1.0508e-01   0.0000e+00  -3.7616e-02   6.7870e-04  -5.4205e-01    -0.78    0.542  0.681 -0.492     0.10    0.659  0.019  0.752     0.67   -0.522  0.732  0.438 0.00068  -0.54205
    2.7887    0.7887    0.0000  0.000 C   0.0000e+00   0.0000e+00   1.3593e-01  -9.5878e-03   0.0000e+00  -3.7616e-02   6.7870e-04  -9.6158e-02    -0.16    0.391  0.716 -0.578    -0.01    0.817  0.019  0.577     0.17   -0.424  0.697  0.578 0.00068  -0.09616
    2.7887    0.7887    0.0000  0.538 C   0.0000e+00   0.0000e+00  -2.0554e-01  -1.2426e-01   0.0000e+00  -3.7616e-02   6.7870e-04   3.4974e-01    -0.36    0.646 -0.737 -0.197    -0.11    0.460  0.170  0.871     0.47   -0.609 -0.654  0.450 0.00068   0.34974
    2.7887    0.7887    0.0000  0.906 C   0.0000e+00   0.0000e+00  -4.3872e-01  -2.0256e-01   0.0000e+00  -3.7616e-02   6.7870e-04   6.5423e-01    -0.70    0.606 -0.742 -0.288    -0.19    0.532  0.109  0.840     0.89   -0.591 -0.662  0.461 0.00068   0.65423
    2.7887    0.7887    0.0000  0.800 R  -2.0327e+00   0.0000e+00   0.0000e+00   0.0000e+00   0.0000e+00   0.0000e+00                              -2.03    1.000  0.000  0.000     0.00    0.000  1.000  0.000     0.00    0.000  0.000  1.000
    2.7887    0.7887    0.0000  0.800 R  -2.4013e-33  -6.4044e-01   0.0000e+00   0.0000e+00   0.0000e+00  -3.9215e-17                              -0.64    0.000  1.000  0.000     0.00    0.000  0.000  1.000     0.00   -1.000  0.000  0.000
    2.7887    0.7887    0.0000 -0.800 R   3.7036e+00   0.0000e+00   0.0000e+00   0.0000e+00   0.0000e+00   0.0000e+00                               0.00    0.000  1.000  0.000     0.00    0.000  0.000  1.000     3.70    1.000  0.000  0.000
    2.7887    0.7887    0.0000 -0.800 R   7.2997e-34   1.9469e-01   0.0000e+00   0.0000e+00   0.0000e+00   1.1921e-17                              -0.00   -1.000  0.000  0.000     0.00    0.000  0.000  1.000     0.19    0.000  1.000  0.000
    2.7887    0.7887    0.0000        Z   1.2069e-03  -2.0368e-04  -1.9994e-02  -3.2404e-04  -4.3730e-05   8.1677e-03  -7.4922e-03   2.6369e-02     1.0000  0.0000 -0.0000  -0.0000  1.0000 -0.0000
El      4   SH4                                     EL1      4      5     10      9           5      4
    3.2113    0.2113    0.0000 -0.906 C   0.0000e+00   0.0000e+00   3.8504e-01   7.5185e-02   0.0000e+00  -4.1892e-02   6.0117e-02  -3.5694e-01    -0.56    0.502  0.681 -0.532     0.07    0.734 -0.011  0.679     0.49   -0.456  0.732  0.506 0.06012  -0.35694
    3.2113    0.2113    0.0000 -0.538 C   0.0000e+00   0.0000e+00   3.3783e-01   4.2962e-02   0.0000e+00  -4.1892e-02   6.0117e-02  -2.1343e-01    -0.42    0.411  0.689 -0.597     0.04    0.847 -0.047  0.530     0.38    0.337 -0.723 -0.603 0.06012  -0.21343
    3.2113    0.2113    0.0000  0.000 C   0.0000e+00   0.0000e+00   2.6869e-01  -4.2245e-03   0.0000e+00  -4.1892e-02   6.0117e-02  -3.2852e-03    -0.27   -0.002  0.707 -0.707    -0.00    1.000  0.016  0.012     0.27   -0.020  0.707  0.707 0.06012  -0.00329
    3.2113    0.2113    0.0000  0.538 C   0.0000e+00   0.0000e+00   1.9955e-01  -5.1411e-02   0.0000e+00  -4.1892e-02   6.0117e-02   2.0686e-01    -0.31   -0.528  0.675 -0.515     0.05   -0.693  0.007  0.721     0.26   -0.490 -0.738 -0.464 0.06012   0.20686
    3.2113    0.2113    0.0000  0.906 C   0.0000e+00   0.0000e+00   1.5234e-01  -8.3634e-02   0.0000e+00  -4.1892e-02   6.0117e-02   3.5037e-01    -0.42    0.639 -0.672  0.373     0.06    0.372 -0.155 -0.915     0.36   -0.673 -0.724 -0.151 0.06012   0.35037
    3.2113    0.2113    0.0000  0.800 R   1.0960e+00   0.0000e+00   0.0000e+00   0.0000e+00   0.0000e+00   0.0000e+00                               0.00    0.000  1.000  0.000     0.00    0.000  0.000  1.000     1.10    1.000  0.000  0.000
    3.2113    0.2113    0.0000  0.800 R  -2.4433e-33  -6.5165e-01   0.0000e+00   0.0000e+00   0.0000e+00  -3.9902e-17                              -0.65    0.000  1.000  0.000     0.00   -1.000  0.000  0.000     0.00    0.000  0.000  1.000
    3.2113    0.2113    0.0000 -0.800 R   2.1711e+00   0.0000e+00   0.0000e+00   0.0000e+00   0.0000e+00   0.0000e+00                               0.00    0.000  1.000  0.000     0.00    0.000  0.000  1.000     2.17    1.000  0.000  0.000
    3.2113    0.2113    0.0000 -0.800 R  -1.9091e-34  -5.0917e-02   0.0000e+00   0.0000e+00   0.0000e+00  -3.1178e-18                              -0.05    0.000  1.000  0.000     0.00   -1.000  0.000  0.000     0.00    0.000  0.000  1.000
    3.2113    0.2113    0.0000        Z   1.8527e-03  -3.5682e-04  -8.2131e-04  -7.5503e-05  -2.9547e-05   4.0653e-03  -1.0561e-03   6.7172e-02     1.0000  0.0000 -0.0000  -0.0000  1.0000 -0.0000
    3.2113    0.7887    0.0000 -0.906 C   0.0000e+00   0.0000e+00   7.0356e-01   1.3889e-01   0.0000e+00  -4.1892e-02  -3.1342e-02  -3.9607e-01    -0.87    0.406  0.679 -0.612     0.12    0.874 -0.093  0.477     0.75    0.267 -0.729 -0.631-0.03134  -0.39607
    3.2113    0.7887    0.0000 -0.538 C   0.0000e+00   0.0000e+00   4.7747e-01   7.0891e-02   0.0000e+00  -4.1892e-02  -3.1342e-02  -2.3887e-01    -0.56   -0.369 -0.686  0.627     0.06    0.895 -0.081  0.438     0.51   -0.250  0.723  0.644-0.03134  -0.23887
    3.2113    0.7887    0.0000  0.000 C   0.0000e+00   0.0000e+00   1.4639e-01  -2.8684e-02   0.0000e+00  -4.1892e-02  -3.1342e-02  -8.6575e-03    -0.15    0.097 -0.698  0.710    -0.00    0.980  0.191  0.054     0.15    0.173 -0.691 -0.702-0.03134  -0.00866
    3.2113    0.7887    0.0000  0.538 C   0.0000e+00   0.0000e+00  -1.8469e-01  -1.2826e-01   0.0000e+00  -4.1892e-02  -3.1342e-02   2.2155e-01    -0.23    0.565 -0.769 -0.297    -0.12    0.592  0.127  0.796     0.36   -0.575 -0.626  0.527-0.03134   0.22155
    3.2113    0.7887    0.0000  0.906 C   0.0000e+00   0.0000e+00  -4.1078e-01  -1.9626e-01   0.0000e+00  -4.1892e-02  -3.1342e-02   3.7876e-01    -0.47    0.409 -0.765 -0.498    -0.20   -0.744  0.038 -0.668     0.67   -0.529 -0.643  0.553-0.03134   0.37876
    3.2113    0.7887    0.0000  0.800 R  -1.8798e+00   0.0000e+00   0.0000e+00   0.0000e+00   0.0000e+00   0.0000e+00                              -1.88    1.000  0.000  0.000     0.00    0.000  1.000  0.000     0.00    0.000  0.000  1.000
    3.2113    0.7887    0.0000  0.800 R  -2.4433e-33  -6.5165e-01   0.0000e+00   0.0000e+00   0.0000e+00  -3.9902e-17                              -0.65    0.000  1.000  0.000     0.00   -1.000  0.000  0.000     0.00    0.000  0.000  1.000
    3.2113    0.7887    0.0000 -0.800 R   3.7238e+00   0.0000e+00   0.0000e+00   0.0000e+00   0.0000e+00   0.0000e+00                               0.00    0.000  1.000  0.000     0.00    0.000  0.000  1.000     3.72    1.000  0.000  0.000
    3.2113    0.7887    0.0000 -0.800 R  -1.9091e-34  -5.0917e-02   0.0000e+00   0.0000e+00   0.0000e+00  -3.1178e-18                              -0.05    0.000  1.000  0.000     0.00   -1.000  0.000  0.000     0.00    0.000  0.000  1.000
    3.2113    0.7887    0.0000        Z   1.2955e-03  -3.5682e-04  -2.1644e-03  -3.1760e-04  -2.9547e-05   4.4534e-03  -7.1711e-03   3.6597e-02     1.0000  0.0000 -0.0000  -0.0000  1.0000 -0.0000
    3.7887    0.2113    0.0000 -0.906 C   0.0000e+00   0.0000e+00   3.6548e-01  -2.2639e-02   0.0000e+00  -2.7114e-02   6.0117e-02  -2.2953e-01    -0.42    0.357  0.715 -0.601    -0.02    0.847  0.023  0.531     0.44   -0.393  0.699  0.598 0.06012  -0.22953
    3.7887    0.2113    0.0000 -0.538 C   0.0000e+00   0.0000e+00   3.2511e-01  -2.0617e-02   0.0000e+00  -2.7114e-02   6.0117e-02  -1.5758e-01    -0.35    0.281  0.714 -0.641    -0.02    0.900  0.035  0.434     0.37   -0.333  0.699  0.633 0.06012  -0.15758
    3.7887    0.2113    0.0000  0.000 C   0.0000e+00   0.0000e+00   2.6600e-01  -1.7655e-02   0.0000e+00  -2.7114e-02   6.0117e-02  -5.2205e-02    -0.27   -0.092 -0.710  0.698    -0.01    0.980  0.060  0.191     0.27    0.178 -0.702 -0.690 0.06012  -0.05220
    3.7887    0.2113    0.0000  0.538 C   0.0000e+00   0.0000e+00   2.0689e-01  -1.4694e-02   0.0000e+00  -2.7114e-02   6.0117e-02   5.3167e-02    -0.22   -0.217  0.700 -0.680     0.01    0.967  0.060 -0.247     0.21   -0.132 -0.712 -0.690 0.06012   0.05317
    3.7887    0.2113    0.0000  0.906 C   0.0000e+00   0.0000e+00   1.6653e-01  -1.2672e-02   0.0000e+00  -2.7114e-02   6.0117e-02   1.2512e-01    -0.21    0.440 -0.697  0.567     0.01    0.800  0.017 -0.600     0.20    0.408  0.717  0.565 0.06012   0.12512
    3.7887    0.2113    0.0000  0.800 R   1.0960e+00   0.0000e+00   0.0000e+00   0.0000e+00   0.0000e+00   0.0000e+00                               0.00    0.000  1.000  0.000     0.00    0.000  0.000  1.000     1.10    1.000  0.000  0.000
    3.7887    0.2113    0.0000  0.800 R  -1.1110e-33  -2.9632e-01   0.0000e+00   0.0000e+00   0.0000e+00  -1.8144e-17                              -0.30    0.000  1.000  0.000     0.00   -1.000  0.000  0.000     0.00    0.000  0.000  1.000
    3.7887    0.2113    0.0000 -0.800 R   2.1711e+00   0.0000e+00   0.0000e+00   0.0000e+00   0.0000e+00   0.0000e+00                               0.00    0.000  1.000  0.000     0.00    0.000  0.000  1.000     2.17    1.000  0.000  0.000
    3.7887    0.2113    0.0000 -0.800 R  -2.1092e-33  -5.6254e-01   0.0000e+00   0.0000e+00   0.0000e+00  -3.4446e-17                              -0.56    0.000  1.000  0.000     0.00    0.000  0.000  1.000     0.00   -1.000  0.000  0.000
    3.7887    0.2113    0.0000        Z   1.8527e-03  -4.8622e-04  -1.3051e-02  -7.5503e-05   1.8945e-05   2.0384e-03  -4.4138e-03   6.6501e-02     1.0000  0.0000 -0.0000  -0.0000  1.0000 -0.0000
    3.7887    0.7887    0.0000 -0.906 C   0.0000e+00   0.0000e+00   6.8400e-01   4.1065e-02   0.0000e+00  -2.7114e-02  -3.1342e-02  -2.6866e-01    -0.75   -0.287 -0.700  0.654     0.03    0.931 -0.041  0.364     0.72   -0.228  0.713  0.663-0.03134  -0.26866
    3.7887    0.7887    0.0000 -0.538 C   0.0000e+00   0.0000e+00   4.6476e-01   7.3123e-03   0.0000e+00  -2.7114e-02  -3.1342e-02  -1.8301e-01    -0.50   -0.267 -0.705  0.657     0.00    0.930 -0.011  0.366     0.50   -0.251  0.709  0.659-0.03134  -0.18301
    3.7887    0.7887    0.0000  0.000 C   0.0000e+00   0.0000e+00   1.4370e-01  -4.2115e-02   0.0000e+00  -2.7114e-02  -3.1342e-02  -5.7577e-02    -0.14   -0.085 -0.719  0.690    -0.03    0.921  0.206  0.329     0.17    0.379 -0.664 -0.645-0.03134  -0.05758
    3.7887    0.7887    0.0000  0.538 C   0.0000e+00   0.0000e+00  -1.7735e-01  -9.1542e-02   0.0000e+00  -2.7114e-02  -3.1342e-02   6.7854e-02    -0.18    0.116  0.676  0.728    -0.05    0.892 -0.393  0.224     0.23   -0.438 -0.623  0.648-0.03134   0.06785
    3.7887    0.7887    0.0000  0.906 C   0.0000e+00   0.0000e+00  -3.9659e-01  -1.2530e-01   0.0000e+00  -2.7114e-02  -3.1342e-02   1.5351e-01    -0.40    0.057 -0.716 -0.696    -0.08    0.923 -0.229  0.311     0.48    0.382  0.660 -0.647-0.03134   0.15351
    3.7887    0.7887    0.0000  0.800 R  -1.8798e+00   0.0000e+00   0.0000e+00   0.0000e+00   0.0000e+00   0.0000e+00                              -1.88    1.000  0.000  0.000     0.00    0.000  1.000  0.000     0.00    0.000  0.000  1.000
    3.7887    0.7887    0.0000  0.800 R  -1.1110e-33  -2.9632e-01   0.0000e+00   0.0000e+00   0.0000e+00  -1.8144e-17                              -0.30    0.000  1.000  0.000     0.00   -1.000  0.000  0.000     0.00    0.000  0.000  1.000
    3.7887    0.7887    0.0000 -0.800 R   3.7238e+00   0.0000e+00   0.0000e+00   0.0000e+00   0.0000e+00   0.0000e+00                               0.00    0.000  1.000  0.000     0.00    0.000  0.000  1.000     3.72    1.000  0.000  0.000
    3.7887    0.7887    0.0000 -0.800 R  -2.1092e-33  -5.6254e-01   0.0000e+00   0.0000e+00   0.0000e+00  -3.4446e-17                              -0.56    0.000  1.000  0.000     0.00    0.000  0.000  1.000     0.00   -1.000  0.000  0.000
    3.7887    0.7887    0.0000        Z   1.2955e-03  -4.8622e-04  -1.4394e-02  -3.1760e-04   1.8945e-05   2.4265e-03  -1.0529e-02   3.5926e-02     1.0000  0.0000 -0.0000  -0.0000  1.0000 -0.0000
El      5   SH4                                     EL1      6      7     12     11           5      4
    0.2113    1.2113    0.0000 -0.906 C   1.2956e-05   0.0000e+00  -2.2946e-01  -4.9644e-01   0.0000e+00   1.1318e-01  -6.5088e-02  -1.2269e+00    -1.41    0.681  0.646  0.344     0.16    0.127  0.358 -0.925     1.26    0.721 -0.674 -0.162-0.06509  -1.22691
