Time   1.0000
El      1   SH4                                     EL1      1      2      7      6           5      4
    0.2113    0.2113    0.0000 -0.906 C   1.8181e-06   1.8181e-06  -1.4503e-04   7.6328e-02   7.6328e-02  -2.0310e+00   7.5171e-02   1.1578e-03    -2.00   -0.699 -0.699  0.155     0.05    0.110  0.110  0.988     2.11    0.707 -0.707 -0.000 0.07517   0.00116
    0.2113    0.2113    0.0000 -0.538 C   1.1047e-06   1.1047e-06  -8.6513e-05   4.8764e-02   4.8764e-02  -1.2739e+00   2.7563e-02   1.1139e-03    -1.31   -0.685 -0.685  0.245     0.08   -0.174 -0.174 -0.969     1.32   -0.707  0.707  0.000 0.02756   0.00111
    0.2113    0.2113    0.0000  0.000 C   5.9914e-08   5.9914e-08  -8.2635e-07   2.7180e-03   2.7180e-03  -1.2531e-02   1.7026e-03   4.2919e-03    -0.35   -0.504 -0.504  0.702     0.02   -0.707  0.707  0.000     0.34    0.496  0.496  0.712 0.00170   0.00429
    0.2113    0.2113    0.0000  0.538 C  -9.8485e-07  -9.8485e-07   8.4860e-05  -4.3535e-02  -4.3535e-02   1.2514e+00   2.6069e-02   1.0482e-03    -1.29   -0.707  0.707 -0.000    -0.09   -0.176 -0.176  0.969     1.29    0.685  0.685  0.249 0.02607   0.00105
    0.2113    0.2113    0.0000  0.906 C  -1.6983e-06  -1.6983e-06   1.4337e-04  -7.1918e-02  -7.1918e-02   2.0254e+00   6.7045e-02   1.1080e-03    -2.10    0.707 -0.707  0.000    -0.05   -0.111 -0.111  0.988     2.00   -0.698 -0.698 -0.157 0.06704   0.00111
    0.2113    0.2113    0.0000  0.800 R  -2.9846e-01   0.0000e+00   0.0000e+00   0.0000e+00   0.0000e+00   0.0000e+00                              -0.30    1.000  0.000  0.000     0.00    0.000  1.000  0.000     0.00    0.000  0.000  1.000
    0.2113    0.2113    0.0000  0.800 R  -1.1190e-33  -2.9846e-01   0.0000e+00   0.0000e+00   0.0000e+00  -1.8275e-17                              -0.30    0.000  1.000  0.000     0.00   -1.000  0.000  0.000     0.00    0.000  0.000  1.000
    0.2113    0.2113    0.0000 -0.800 R   3.2242e-01   0.0000e+00   0.0000e+00   0.0000e+00   0.0000e+00   0.0000e+00                               0.00    0.000  1.000  0.000     0.00    0.000  0.000  1.000     0.32    1.000  0.000  0.000
    0.2113    0.2113    0.0000 -0.800 R   1.2089e-33   3.2242e-01   0.0000e+00   0.0000e+00   0.0000e+00   1.9743e-17                               0.00   -1.000  0.000  0.000     0.00    0.000  0.000  1.000     0.32    0.000  1.000  0.000
    0.2113    0.2113    0.0000        Z   6.8095e-04   6.8095e-04  -2.4031e-03  -9.0327e-04  -9.0327e-04   2.3777e-02   5.8409e-02   5.8409e-02     1.0000  0.0000 -0.0000  -0.0000  1.0000 -0.0000
    0.2113    0.7887    0.0000 -0.906 C   3.5137e-06   1.8181e-06  -1.4333e-04   1.3544e-01   8.8040e-02  -2.0039e+00   7.6714e-02   1.1543e-03    -1.90    0.699  0.711 -0.076    -0.00    0.110 -0.002  0.994     2.13   -0.707  0.703  0.080 0.07671   0.00115
    0.2113    0.7887    0.0000 -0.538 C   2.2050e-06   1.1047e-06  -8.5413e-05   8.9150e-02   5.6790e-02  -1.2562e+00   2.8691e-02   1.1056e-03    -1.20    0.690  0.712 -0.127    -0.00    0.183 -0.002  0.983     1.35   -0.700  0.702  0.132 0.02869   0.00111
    0.2113    0.7887    0.0000  0.000 C   2.8858e-07   5.9914e-08  -5.9768e-07   1.1377e-02   4.4479e-03  -9.0676e-03   9.0442e-04   1.9247e-03    -0.24   -0.031  0.703 -0.711     0.01    0.996  0.085  0.039     0.24   -0.088  0.707  0.702 0.00090   0.00192
    0.2113    0.7887    0.0000  0.538 C  -1.6279e-06  -9.8485e-07   8.4217e-05  -6.7436e-02  -4.8433e-02   1.2461e+00   2.2800e-02   1.0857e-03    -1.33   -0.697  0.704 -0.135     0.00   -0.185  0.005  0.983     1.21    0.692  0.710  0.127 0.02280   0.00109
    0.2113    0.7887    0.0000  0.906 C  -2.9366e-06  -1.6983e-06   1.4214e-04  -1.1623e-01  -8.1091e-02   2.0188e+00   6.1993e-02   1.1310e-03    -2.13   -0.706  0.704 -0.081     0.00   -0.111  0.003  0.994     1.93    0.700  0.710  0.076 0.06199   0.00113
    0.2113    0.7887    0.0000  0.800 R  -5.1173e-01   0.0000e+00   0.0000e+00   0.0000e+00   0.0000e+00   0.0000e+00                              -0.51    1.000  0.000  0.000     0.00    0.000  1.000  0.000     0.00    0.000  0.000  1.000
    0.2113    0.7887    0.0000  0.800 R  -1.1190e-33  -2.9846e-01   0.0000e+00   0.0000e+00   0.0000e+00  -1.8275e-17                              -0.30    0.000  1.000  0.000     0.00   -1.000  0.000  0.000     0.00    0.000  0.000  1.000
    0.2113    0.7887    0.0000 -0.800 R   6.2717e-01   0.0000e+00   0.0000e+00   0.0000e+00   0.0000e+00   0.0000e+00                               0.00    0.000  1.000  0.000     0.00    0.000  0.000  1.000     0.63    1.000  0.000  0.000
    0.2113    0.7887    0.0000 -0.800 R   1.2089e-33   3.2242e-01   0.0000e+00   0.0000e+00   0.0000e+00   1.9743e-17                               0.00   -1.000  0.000  0.000     0.00    0.000  0.000  1.000     0.32    0.000  1.000  0.000
    0.2113    0.7887    0.0000        Z   2.7974e-03   1.0663e-03  -8.1003e-04  -1.5380e-03  -1.0254e-03   2.3571e-02  -4.8688e-03   5.8479e-02     1.0000  0.0000 -0.0000  -0.0000  1.0000 -0.0000
    0.7887    0.2113    0.0000 -0.906 C   1.8181e-06   3.5137e-06  -1.4333e-04   8.8040e-02   1.3544e-01  -2.0039e+00   7.6714e-02   1.1543e-03    -1.90    0.711  0.699 -0.076    -0.00   -0.002  0.110  0.994     2.13   -0.703  0.707 -0.080 0.07671   0.00115
    0.7887    0.2113    0.0000 -0.538 C   1.1047e-06   2.2050e-06  -8.5413e-05   5.6790e-02   8.9150e-02  -1.2562e+00   2.8691e-02   1.1056e-03    -1.20    0.712  0.690 -0.127    -0.00   -0.002  0.183  0.983     1.35   -0.702  0.700 -0.132 0.02869   0.00111
    0.7887    0.2113    0.0000  0.000 C   5.9914e-08   2.8858e-07  -5.9768e-07   4.4479e-03   1.1377e-02  -9.0676e-03   9.0442e-04   1.9247e-03    -0.24   -0.703  0.031  0.711     0.01   -0.085 -0.996 -0.039     0.24   -0.707  0.088 -0.702 0.00090   0.00192
    0.7887    0.2113    0.0000  0.538 C  -9.8485e-07  -1.6279e-06   8.4217e-05  -4.8433e-02  -6.7436e-02   1.2461e+00   2.2800e-02   1.0857e-03    -1.33    0.704 -0.697 -0.135     0.00    0.005 -0.185  0.983     1.21   -0.710 -0.692 -0.127 0.02280   0.00109
    0.7887    0.2113    0.0000  0.906 C  -1.6983e-06  -2.9366e-06   1.4214e-04  -8.1091e-02  -1.1623e-01   2.0188e+00   6.1993e-02   1.1310e-03    -2.13   -0.704  0.706  0.081     0.00    0.003 -0.111  0.994     1.93    0.710  0.700  0.076 0.06199   0.00113
    0.7887    0.2113    0.0000  0.800 R  -2.9846e-01   0.0000e+00   0.0000e+00   0.0000e+00   0.0000e+00   0.0000e+00                              -0.30    1.000  0.000  0.000     0.00    0.000  1.000  0.000     0.00    0.000  0.000  1.000
    0.7887    0.2113    0.0000  0.800 R  -1.9187e-33  -5.1173e-01   0.0000e+00   0.0000e+00   0.0000e+00  -3.1335e-17                              -0.51    0.000  1.000  0.000     0.00    0.000  0.000  1.000     0.00   -1.000  0.000  0.000
    0.7887    0.2113    0.0000 -0.800 R   3.2242e-01   0.0000e+00   0.0000e+00   0.0000e+00   0.0000e+00   0.0000e+00                               0.00    0.000  1.000  0.000     0.00    0.000  0.000  1.000     0.32    1.000  0.000  0.000
    0.7887    0.2113    0.0000 -0.800 R   2.3515e-33   6.2717e-01   0.0000e+00   0.0000e+00   0.0000e+00   3.8403e-17                              -0.00   -1.000  0.000  0.000     0.00    0.000  0.000  1.000     0.63    0.000  1.000  0.000
    0.7887    0.2113    0.0000        Z   1.0663e-03   2.7974e-03  -8.1003e-04  -1.0254e-03  -1.5380e-03   2.3571e-02   5.8479e-02  -4.8688e-03     1.0000  0.0000 -0.0000  -0.0000  1.0000 -0.0000
    0.7887    0.7887    0.0000 -0.906 C   3.5137e-06   3.5137e-06  -1.4164e-04   1.4730e-01   1.4730e-01  -1.9805e+00   7.6540e-02   1.1489e-03    -1.83    0.707  0.707  0.014     0.00   -0.010 -0.010  1.000     2.13   -0.707  0.707  0.000 0.07654   0.00115
    0.7887    0.7887    0.0000 -0.538 C   2.2050e-06   2.2050e-06  -8.4312e-05   9.7300e-02   9.7300e-02  -1.2408e+00   2.8025e-02   1.0951e-03    -1.14    0.707  0.707  0.024     0.00   -0.017 -0.017  1.000     1.34   -0.707  0.707  0.000 0.02803   0.00110
    0.7887    0.7887    0.0000  0.000 C   2.8858e-07   2.8858e-07  -3.6902e-07   1.3116e-02   1.3116e-02  -5.5993e-03   1.6395e-05   1.6690e-03    -0.02    0.466  0.466  0.752     0.02    0.707 -0.707  0.000     0.03   -0.532 -0.532  0.659 0.00002   0.00167
    0.7887    0.7887    0.0000  0.538 C  -1.6279e-06  -1.6279e-06   8.3574e-05  -7.2303e-02  -7.2303e-02   1.2385e+00   2.1237e-02   1.0839e-03    -1.31    0.707 -0.707  0.000    -0.00    0.017  0.017  1.000     1.17   -0.707 -0.707  0.024 0.02124   0.00108
    0.7887    0.7887    0.0000  0.906 C  -2.9366e-06  -2.9366e-06   1.4090e-04  -1.2546e-01  -1.2546e-01   2.0083e+00   5.8668e-02   1.1271e-03    -2.13    0.707 -0.707  0.000    -0.00    0.010  0.010  1.000     1.88   -0.707 -0.707  0.014 0.05867   0.00113
    0.7887    0.7887    0.0000  0.800 R  -5.1173e-01   0.0000e+00   0.0000e+00   0.0000e+00   0.0000e+00   0.0000e+00                              -0.51    1.000  0.000  0.000     0.00    0.000  1.000  0.000     0.00    0.000  0.000  1.000
    0.7887    0.7887    0.0000  0.800 R  -1.9187e-33  -5.1173e-01   0.0000e+00   0.0000e+00   0.0000e+00  -3.1335e-17                              -0.51    0.000  1.000  0.000     0.00    0.000  0.000  1.000     0.00   -1.000  0.000  0.000
    0.7887    0.7887    0.0000 -0.800 R   6.2717e-01   0.0000e+00   0.0000e+00   0.0000e+00   0.0000e+00   0.0000e+00                               0.00    0.000  1.000  0.000     0.00    0.000  0.000  1.000     0.63    1.000  0.000  0.000
    0.7887    0.7887    0.0000 -0.800 R   2.3515e-33   6.2717e-01   0.0000e+00   0.0000e+00   0.0000e+00   3.8403e-17                              -0.00   -1.000  0.000  0.000     0.00    0.000  0.000  1.000     0.63    0.000  1.000  0.000
    0.7887    0.7887    0.0000        Z   3.1956e-03   3.1956e-03   2.8554e-04  -1.6612e-03  -1.6612e-03   2.3366e-02  -4.8748e-03  -4.8748e-03     1.0000  0.0000 -0.0000  -0.0000  1.0000 -0.0000
El      2   SH4                                     EL1      2      3      8      7           5      4
    1.2113    0.2113    0.0000 -0.906 C   3.4011e-06   3.8656e-06  -1.3500e-04   1.4660e-01   1.5957e-01  -1.8972e+00   7.1969e-02   1.1839e-03    -1.75    0.709  0.703 -0.050    -0.02   -0.036  0.108  0.994     2.07   -0.704  0.703 -0.102 0.07197   0.00118
    1.2113    0.2113    0.0000 -0.538 C   2.3856e-06   2.3968e-06  -8.1312e-05   1.0540e-01   1.0567e-01  -1.1968e+00   2.8011e-02   1.1795e-03    -1.10    0.710  0.699 -0.084    -0.03   -0.056  0.176  0.983     1.34   -0.702  0.693 -0.164 0.02801   0.00118
    1.2113    0.2113    0.0000  0.000 C   8.9857e-07   2.4608e-07  -2.6892e-06   3.5864e-02   1.6101e-02  -4.0815e-02   1.1782e-03   4.6652e-03    -0.22    0.637 -0.192 -0.747    -0.01    0.382  0.920  0.088     0.28   -0.670  0.341 -0.659 0.00118   0.00467
    1.2113    0.2113    0.0000  0.538 C  -5.8849e-07  -1.9047e-06   7.5934e-05  -3.5950e-02  -7.5078e-02   1.1286e+00   1.8211e-02  -1.0850e-03    -1.23    0.695 -0.696 -0.180     0.03    0.063 -0.190  0.980     1.08   -0.717 -0.692 -0.088 0.01821  -0.00109
    1.2113    0.2113    0.0000  0.906 C  -1.6040e-06  -3.3734e-06   1.2962e-04  -8.1775e-02  -1.3262e-01   1.8631e+00   5.0684e-02   1.0273e-03    -1.99    0.700 -0.706 -0.108     0.02    0.039 -0.113  0.993     1.76   -0.713 -0.699 -0.052 0.05068   0.00103
    1.2113    0.2113    0.0000  0.800 R  -2.6215e-01   0.0000e+00   0.0000e+00   0.0000e+00   0.0000e+00   0.0000e+00                              -0.26    1.000  0.000  0.000     0.00    0.000  1.000  0.000     0.00    0.000  0.000  1.000
    1.2113    0.2113    0.0000  0.800 R  -2.2116e-33  -5.8986e-01   0.0000e+00   0.0000e+00   0.0000e+00  -3.6119e-17                              -0.59    0.000  1.000  0.000     0.00   -1.000  0.000  0.000     0.00    0.000  0.000  1.000
    1.2113    0.2113    0.0000 -0.800 R   6.2157e-01   0.0000e+00   0.0000e+00   0.0000e+00   0.0000e+00   0.0000e+00                               0.00    0.000  1.000  0.000     0.00    0.000  0.000  1.000     0.62    1.000  0.000  0.000
    1.2113    0.2113    0.0000 -0.800 R   2.5807e-33   6.8829e-01   0.0000e+00   0.0000e+00   0.0000e+00   4.2146e-17                              -0.00   -1.000  0.000  0.000     0.00    0.000  0.000  1.000     0.69    0.000  1.000  0.000
    1.2113    0.2113    0.0000        Z   8.8668e-03   3.8912e-03  -7.9934e-03  -1.3857e-03  -1.7788e-03   2.1979e-02   5.5490e-02  -2.3242e-02     1.0000  0.0000 -0.0000  -0.0000  1.0000 -0.0000
    1.2113    0.7887    0.0000 -0.906 C   1.3195e-05   3.8656e-06  -1.3574e-04   4.8319e-01   2.2491e-01  -1.8793e+00   8.5750e-02   1.2437e-03    -1.53    0.681  0.731  0.048     0.00   -0.049 -0.020  0.999     2.24   -0.730  0.683 -0.022 0.08575   0.00124
    1.2113    0.7887    0.0000 -0.538 C   8.3770e-06   2.3968e-06  -8.1889e-05   3.2418e-01   1.4899e-01  -1.1996e+00   3.2640e-02   1.2301e-03    -0.97    0.677  0.731  0.080     0.00   -0.081 -0.034  0.996     1.44   -0.731  0.681 -0.036 0.03264   0.00123
    1.2113    0.7887    0.0000  0.000 C   1.3221e-06   2.4608e-07  -3.0339e-06   5.1943e-02   1.9319e-02  -4.6092e-02   2.0889e-04   4.6558e-03    -0.10    0.274  0.669  0.691     0.05    0.875  0.124 -0.467     0.12    0.398 -0.733  0.551 0.00021   0.00466
    1.2113    0.7887    0.0000  0.538 C  -5.7327e-06  -1.9047e-06   7.5821e-05  -2.2783e-01  -1.1369e-01   1.1311e+00   1.4585e-02   9.7078e-04    -1.31    0.723 -0.690 -0.042    -0.00    0.086  0.030  0.996     0.97   -0.685 -0.724  0.081 0.01459   0.00097
    1.2113    0.7887    0.0000  0.906 C  -1.0550e-05  -3.3734e-06   1.2967e-04  -4.0723e-01  -1.9889e-01   1.8830e+00   4.0845e-02   1.0138e-03    -2.19   -0.726  0.687  0.024    -0.00    0.050  0.018  0.999     1.59    0.686  0.726 -0.048 0.04085   0.00101
    1.2113    0.7887    0.0000  0.800 R  -1.8318e+00   0.0000e+00   0.0000e+00   0.0000e+00   0.0000e+00   0.0000e+00                              -1.83    1.000  0.000  0.000     0.00    0.000  1.000  0.000     0.00    0.000  0.000  1.000
    1.2113    0.7887    0.0000  0.800 R  -2.2116e-33  -5.8986e-01   0.0000e+00   0.0000e+00   0.0000e+00  -3.6119e-17                              -0.59    0.000  1.000  0.000     0.00   -1.000  0.000  0.000     0.00    0.000  0.000  1.000
    1.2113    0.7887    0.0000 -0.800 R   2.3607e+00   0.0000e+00   0.0000e+00   0.0000e+00   0.0000e+00   0.0000e+00                               0.00    0.000  1.000  0.000     0.00    0.000  0.000  1.000     2.36    1.000  0.000  0.000
    1.2113    0.7887    0.0000 -0.800 R   2.5807e-33   6.8829e-01   0.0000e+00   0.0000e+00   0.0000e+00   4.2146e-17                              -0.00   -1.000  0.000  0.000     0.00    0.000  0.000  1.000     0.69    0.000  1.000  0.000
    1.2113    0.7887    0.0000        Z   1.2208e-02   4.3747e-03  -7.2656e-03  -5.4432e-03  -2.5503e-03   2.2007e-02  -3.6422e-03  -2.3231e-02     1.0000  0.0000 -0.0000  -0.0000  1.0000 -0.0000
    1.7887    0.2113    0.0000 -0.906 C   3.4011e-06   3.1312e-06  -1.2521e-04   1.4300e-01   1.3518e-01  -1.7789e+00   6.1738e-02   1.1485e-03    -1.65    0.707  0.703 -0.075    -0.01   -0.012  0.118  0.993     1.93   -0.707  0.701 -0.092 0.06174   0.00115
    1.7887    0.2113    0.0000 -0.538 C   2.3856e-06   1.8206e-06  -7.5321e-05   1.0161e-01   8.4799e-02  -1.1135e+00   2.3683e-02   1.1480e-03    -1.04    0.706  0.697 -0.125    -0.01   -0.018  0.194  0.981     1.23   -0.708  0.690 -0.150 0.02368   0.00115
    1.7887    0.2113    0.0000  0.000 C   8.9857e-07  -9.8694e-08  -2.2656e-06   3.3266e-02   3.0560e-03  -3.4392e-02   9.8070e-04   4.6205e-03    -0.21    0.678 -0.030 -0.734    -0.01    0.170  0.979  0.117     0.26   -0.715  0.204 -0.668 0.00098   0.00462
    1.7887    0.2113    0.0000  0.538 C  -5.8849e-07  -2.0180e-06   7.0790e-05  -3.6876e-02  -7.9452e-02   1.0546e+00   1.5933e-02  -1.0578e-03    -1.14    0.698 -0.698 -0.161     0.01    0.019 -0.207  0.978     1.01   -0.716 -0.686 -0.131 0.01593  -0.00106
    1.7887    0.2113    0.0000  0.906 C  -1.6040e-06  -3.3286e-06   1.2068e-04  -8.2026e-02  -1.3189e-01   1.7466e+00   4.4019e-02   1.0201e-03    -1.87    0.701 -0.706 -0.096     0.01    0.012 -0.123  0.992     1.65   -0.713 -0.697 -0.078 0.04402   0.00102
    1.7887    0.2113    0.0000  0.800 R  -2.6215e-01   0.0000e+00   0.0000e+00   0.0000e+00   0.0000e+00   0.0000e+00                              -0.26    1.000  0.000  0.000     0.00    0.000  1.000  0.000     0.00    0.000  0.000  1.000
    1.7887    0.2113    0.0000  0.800 R  -2.2123e-33  -5.9003e-01   0.0000e+00   0.0000e+00   0.0000e+00  -3.6129e-17                              -0.59    0.000  1.000  0.000     0.00   -1.000  0.000  0.000     0.00    0.000  0.000  1.000
    1.7887    0.2113    0.0000 -0.800 R   6.2157e-01   0.0000e+00   0.0000e+00   0.0000e+00   0.0000e+00   0.0000e+00                               0.00    0.000  1.000  0.000     0.00    0.000  0.000  1.000     0.62    1.000  0.000  0.000
    1.7887    0.2113    0.0000 -0.800 R   2.0642e-33   5.5055e-01   0.0000e+00   0.0000e+00   0.0000e+00   3.3712e-17                               0.00    0.000  0.000  1.000     0.00   -1.000  0.000  0.000     0.55    0.000  1.000  0.000
    1.7887    0.2113    0.0000        Z   8.2862e-03   6.7012e-04  -6.9273e-03  -1.3630e-03  -1.6199e-03   2.0558e-02   5.5697e-02  -9.8829e-03     1.0000  0.0000 -0.0000  -0.0000  1.0000 -0.0000
    1.7887    0.7887    0.0000 -0.906 C   1.3195e-05   3.1312e-06  -1.2594e-04   4.8372e-01   2.0178e-01  -1.7641e+00   7.5013e-02   1.2098e-03    -1.43    0.678  0.735  0.026     0.00   -0.023 -0.014  1.000     2.11   -0.735  0.678 -0.007 0.07501   0.00121
    1.7887    0.7887    0.0000 -0.538 C   8.3770e-06   1.8206e-06  -7.5897e-05   3.2141e-01   1.2843e-01  -1.1168e+00   2.8275e-02   1.2018e-03    -0.90    0.675  0.736  0.043     0.00   -0.038 -0.024  0.999     1.35   -0.737  0.676 -0.012 0.02828   0.00120
    1.7887    0.7887    0.0000  0.000 C   1.3221e-06  -9.8694e-08  -2.6104e-06   4.9343e-02   6.2618e-03  -3.9661e-02   8.4370e-05   4.6165e-03    -0.05   -0.361 -0.684 -0.634     0.03   -0.453 -0.466  0.760     0.07    0.815 -0.561  0.142 0.00008   0.00462
    1.7887    0.7887    0.0000  0.538 C  -5.7327e-06  -2.0180e-06   7.0676e-05  -2.2923e-01  -1.1818e-01   1.0569e+00   1.2205e-02   9.2440e-04    -1.23   -0.725  0.688  0.014    -0.00    0.040  0.023  0.999     0.89    0.687  0.725 -0.044 0.01220   0.00092
    1.7887    0.7887    0.0000  0.906 C  -1.0550e-05  -3.3286e-06   1.2072e-04  -4.0959e-01  -1.9852e-01   1.7647e+00   3.4523e-02   1.0024e-03    -2.07   -0.728  0.686  0.008    -0.00    0.024  0.014  1.000     1.46    0.685  0.728 -0.026 0.03452   0.00100
    1.7887    0.7887    0.0000  0.800 R  -1.8318e+00   0.0000e+00   0.0000e+00   0.0000e+00   0.0000e+00   0.0000e+00                              -1.83    1.000  0.000  0.000     0.00    0.000  1.000  0.000     0.00    0.000  0.000  1.000
    1.7887    0.7887    0.0000  0.800 R  -2.2123e-33  -5.9003e-01   0.0000e+00   0.0000e+00   0.0000e+00  -3.6129e-17                              -0.59    0.000  1.000  0.000     0.00   -1.000  0.000  0.000     0.00    0.000  0.000  1.000
    1.7887    0.7887    0.0000 -0.800 R   2.3607e+00   0.0000e+00   0.0000e+00   0.0000e+00   0.0000e+00   0.0000e+00                               0.00    0.000  1.000  0.000     0.00    0.000  0.000  1.000     2.36    1.000  0.000  0.000
    1.7887    0.7887    0.0000 -0.800 R   2.0642e-33   5.5055e-01   0.0000e+00   0.0000e+00   0.0000e+00   3.3712e-17                               0.00    0.000  0.000  1.000     0.00   -1.000  0.000  0.000     0.55    0.000  1.000  0.000
    1.7887    0.7887    0.0000        Z   1.1720e-02   1.1902e-03  -6.3894e-03  -5.4474e-03  -2.3985e-03   2.0591e-02  -3.6559e-03  -9.8789e-03     1.0000  0.0000 -0.0000  -0.0000  1.0000 -0.0000
El      3   SH4                                     EL1      3      4      9      8           5      4
    2.2113    0.2113    0.0000 -0.906 C   1.0270e-05   3.0116e-06  -9.7408e-05   3.9227e-01   1.8253e-01  -1.4062e+00   4.6652e-02   1.1791e-03    -1.13    0.681  0.730 -0.054    -0.00   -0.010  0.084  0.996     1.70   -0.732  0.678 -0.064 0.04665   0.00118
    2.2113    0.2113    0.0000 -0.538 C   7.2467e-06   1.6346e-06  -5.9029e-05   2.8143e-01   1.1442e-01  -8.7756e-01   1.8286e-02   1.2210e-03    -0.69    0.674  0.733 -0.090    -0.01   -0.016  0.137  0.991     1.09   -0.738  0.666 -0.104 0.01829   0.00122
    2.2113    0.2113    0.0000  0.000 C   2.8191e-06  -3.8177e-07  -2.8269e-06   1.0387e-01   6.8534e-03  -4.2942e-02   6.2146e-04   4.9625e-03    -0.09    0.554 -0.026 -0.832    -0.01    0.230  0.965  0.124     0.20   -0.800  0.260 -0.541 0.00062   0.00496
    2.2113    0.2113    0.0000  0.538 C  -1.6085e-06  -2.3982e-06   5.3375e-05  -7.8177e-02  -1.0203e-01   8.0154e-01   7.9272e-03  -1.9637e-03    -0.91    0.700 -0.703 -0.122     0.01    0.017 -0.155  0.988     0.72   -0.714 -0.694 -0.096 0.00793  -0.00196
    2.2113    0.2113    0.0000  0.906 C  -4.6320e-06  -3.7751e-06   9.1754e-05  -1.9916e-01  -1.7388e-01   1.3588e+00   2.1750e-02   1.0263e-03    -1.55    0.710 -0.701 -0.071     0.00    0.011 -0.090  0.996     1.18   -0.704 -0.708 -0.056 0.02175   0.00103
    2.2113    0.2113    0.0000  0.800 R  -7.5179e-01   0.0000e+00   0.0000e+00   0.0000e+00   0.0000e+00   0.0000e+00                              -0.75    1.000  0.000  0.000     0.00    0.000  1.000  0.000     0.00    0.000  0.000  1.000
    2.2113    0.2113    0.0000  0.800 R  -2.5327e-33  -6.7550e-01   0.0000e+00   0.0000e+00   0.0000e+00  -4.1362e-17                              -0.68    0.000  1.000  0.000     0.00   -1.000  0.000  0.000     0.00    0.000  0.000  1.000
    2.2113    0.2113    0.0000 -0.800 R   1.8794e+00   0.0000e+00   0.0000e+00   0.0000e+00   0.0000e+00   0.0000e+00                               0.00    0.000  1.000  0.000     0.00    0.000  0.000  1.000     1.88    1.000  0.000  0.000
    2.2113    0.2113    0.0000 -0.800 R   1.9601e-33   5.2279e-01   0.0000e+00   0.0000e+00   0.0000e+00   3.2012e-17                               0.00   -1.000  0.000  0.000     0.00    0.000  0.000  1.000     0.52    0.000  1.000  0.000
    2.2113    0.2113    0.0000        Z   2.6017e-02   1.4611e-03  -9.0047e-03  -3.5825e-03  -2.1324e-03   1.6038e-02   3.1526e-02  -7.7548e-03     1.0000  0.0000 -0.0000  -0.0000  1.0000 -0.0000
    2.2113    0.7887    0.0000 -0.906 C   2.2317e-05   3.0116e-06  -9.7001e-05   8.1333e-01   2.6502e-01  -1.3777e+00   6.2093e-02   1.2122e-03    -0.87    0.634  0.773  0.029     0.00   -0.025 -0.017  1.000     1.94   -0.773  0.634 -0.008 0.06209   0.00121
    2.2113    0.7887    0.0000 -0.538 C   1.4390e-05   1.6346e-06  -5.8961e-05   5.4348e-01   1.6647e-01  -8.7142e-01   2.4055e-02   1.2542e-03    -0.54    0.627  0.778  0.049     0.00   -0.041 -0.030  0.999     1.25   -0.778  0.628 -0.013 0.02405   0.00125
    2.2113    0.7887    0.0000  0.000 C   2.7813e-06  -3.8177e-07  -3.2555e-06   1.0247e-01   6.5698e-03  -4.9475e-02   2.3082e-04   5.0257e-03    -0.04    0.275  0.732  0.624     0.02   -0.304 -0.549  0.778     0.12   -0.912  0.403 -0.071 0.00023   0.00503
    2.2113    0.7887    0.0000  0.538 C  -8.8271e-06  -2.3982e-06   5.2450e-05  -3.5023e-01  -1.5670e-01   7.9020e-01   4.6653e-03   7.5576e-04    -1.05    0.749 -0.663 -0.017    -0.00    0.045  0.025  0.999     0.54   -0.662 -0.748  0.048 0.00467   0.00076
    2.2113    0.7887    0.0000  0.906 C  -1.6754e-05  -3.7751e-06   9.0490e-05  -6.5342e-01  -2.6587e-01   1.3518e+00   1.3194e-02   8.6866e-04    -1.83    0.756 -0.655 -0.009    -0.00    0.026  0.016  1.000     0.91   -0.655 -0.755  0.029 0.01319   0.00087
    2.2113    0.7887    0.0000  0.800 R  -2.8930e+00   0.0000e+00   0.0000e+00   0.0000e+00   0.0000e+00   0.0000e+00                              -2.89    1.000  0.000  0.000     0.00    0.000  1.000  0.000     0.00    0.000  0.000  1.000
    2.2113    0.7887    0.0000  0.800 R  -2.5327e-33  -6.7550e-01   0.0000e+00   0.0000e+00   0.0000e+00  -4.1362e-17                              -0.68    0.000  1.000  0.000     0.00   -1.000  0.000  0.000     0.00    0.000  0.000  1.000
    2.2113    0.7887    0.0000 -0.800 R   4.0055e+00   0.0000e+00   0.0000e+00   0.0000e+00   0.0000e+00   0.0000e+00                               0.00    0.000  1.000  0.000     0.00    0.000  0.000  1.000     4.01    1.000  0.000  0.000
    2.2113    0.7887    0.0000 -0.800 R   1.9601e-33   5.2279e-01   0.0000e+00   0.0000e+00   0.0000e+00   3.2012e-17                               0.00   -1.000  0.000  0.000     0.00    0.000  0.000  1.000     0.52    0.000  1.000  0.000
    2.2113    0.7887    0.0000        Z   2.4541e-02   1.0025e-03  -9.1457e-03  -8.9044e-03  -3.1475e-03   1.5848e-02  -1.0355e-03  -7.7446e-03     1.0000  0.0000 -0.0000  -0.0000  1.0000 -0.0000
    2.7887    0.2113    0.0000 -0.906 C   1.0270e-05   3.4190e-06  -8.5362e-05   3.9864e-01   1.9892e-01  -1.2430e+00   3.8381e-02   1.1879e-03    -0.95    0.679  0.733 -0.042    -0.01   -0.033  0.088  0.996     1.56   -0.733  0.675 -0.084 0.03838   0.00119
    2.7887    0.2113    0.0000 -0.538 C   7.2467e-06   1.7028e-06  -5.1886e-05   2.8283e-01   1.1731e-01  -7.7384e-01   1.5159e-02   1.2475e-03    -0.58    0.671  0.738 -0.068    -0.02   -0.054  0.140  0.989     1.00   -0.739  0.660 -0.134 0.01516   0.00125
    2.7887    0.2113    0.0000  0.000 C   2.8191e-06  -8.1038e-07  -2.8647e-06   1.0062e-01  -9.3785e-03  -4.3517e-02   6.5978e-04   4.9954e-03    -0.10   -0.451  0.354  0.819    -0.02    0.451  0.883 -0.133     0.21   -0.770  0.309 -0.558 0.00066   0.00500
    2.7887    0.2113    0.0000  0.538 C  -1.6085e-06  -3.3236e-06   4.6156e-05  -8.5343e-02  -1.3715e-01   6.9492e-01   5.3378e-03  -1.7991e-03    -0.83   -0.689  0.707  0.159     0.02    0.049 -0.173  0.984     0.59    0.723  0.686  0.085 0.00534  -0.00180
    2.7887    0.2113    0.0000  0.906 C  -4.6320e-06  -5.0398e-06   7.9632e-05  -2.0999e-01  -2.2228e-01   1.1876e+00   1.4840e-02   1.0191e-03    -1.42   -0.703  0.705  0.093     0.01    0.032 -0.100  0.995     0.97    0.710  0.703  0.048 0.01484   0.00102
    2.7887    0.2113    0.0000  0.800 R  -7.5179e-01   0.0000e+00   0.0000e+00   0.0000e+00   0.0000e+00   0.0000e+00                              -0.75    1.000  0.000  0.000     0.00    0.000  1.000  0.000     0.00    0.000  0.000  1.000
    2.7887    0.2113    0.0000  0.800 R  -3.4076e-33  -9.0884e-01   0.0000e+00   0.0000e+00   0.0000e+00  -5.5651e-17                              -0.91    0.000  1.000  0.000     0.00   -1.000  0.000  0.000     0.00    0.000  0.000  1.000
    2.7887    0.2113    0.0000 -0.800 R   1.8794e+00   0.0000e+00   0.0000e+00   0.0000e+00   0.0000e+00   0.0000e+00                               0.00    0.000  1.000  0.000     0.00    0.000  0.000  1.000     1.88    1.000  0.000  0.000
    2.7887    0.2113    0.0000 -0.800 R   2.1922e-33   5.8469e-01   0.0000e+00   0.0000e+00   0.0000e+00   3.5802e-17                               0.00   -1.000  0.000  0.000     0.00    0.000  0.000  1.000     0.58    0.000  1.000  0.000
    2.7887    0.2113    0.0000        Z   2.5310e-02  -2.6495e-03  -9.4573e-03  -3.6747e-03  -2.5182e-03   1.4069e-02   3.1627e-02  -1.5328e-02     1.0000  0.0000 -0.0000  -0.0000  1.0000 -0.0000
    2.7887    0.7887    0.0000 -0.906 C   2.2317e-05   3.4190e-06  -8.4954e-05   8.2449e-01   2.8229e-01  -1.2188e+00   5.2587e-02   1.2212e-03    -0.70    0.623  0.779  0.069     0.00   -0.058 -0.042  0.997     1.80   -0.780  0.626 -0.019 0.05259   0.00122
    2.7887    0.7887    0.0000 -0.538 C   1.4390e-05   1.7028e-06  -5.1818e-05   5.4604e-01   1.6960e-01  -7.6877e-01   2.0364e-02   1.2836e-03    -0.44    0.611  0.783  0.114     0.00   -0.094 -0.071  0.993     1.15   -0.786  0.618 -0.030 0.02036   0.00128
    2.7887    0.7887    0.0000  0.000 C   2.7813e-06  -8.1038e-07  -3.2934e-06   9.9232e-02  -9.6688e-03  -5.0052e-02   2.2771e-04   5.0534e-03    -0.08   -0.229 -0.749 -0.621     0.04   -0.401 -0.509  0.762     0.12    0.887 -0.423  0.184 0.00023   0.00505
    2.7887    0.7887    0.0000  0.538 C  -8.8271e-06  -3.3236e-06   4.5231e-05  -3.5786e-01  -1.9193e-01   6.8267e-01   2.8173e-03   7.0684e-04    -0.96    0.747 -0.664 -0.039    -0.00    0.107  0.061  0.992     0.42   -0.656 -0.746  0.117 0.00282   0.00071
    2.7887    0.7887    0.0000  0.906 C  -1.6754e-05  -5.0398e-06   7.8367e-05  -6.6631e-01  -3.1475e-01   1.1767e+00   8.0539e-03   8.3634e-04    -1.68    0.757 -0.653 -0.022    -0.00    0.062  0.039  0.997     0.70   -0.650 -0.756  0.070 0.00805   0.00084
    2.7887    0.7887    0.0000  0.800 R  -2.8930e+00   0.0000e+00   0.0000e+00   0.0000e+00   0.0000e+00   0.0000e+00                              -2.89    1.000  0.000  0.000     0.00    0.000  1.000  0.000     0.00    0.000  0.000  1.000
    2.7887    0.7887    0.0000  0.800 R  -3.4076e-33  -9.0884e-01   0.0000e+00   0.0000e+00   0.0000e+00  -5.5651e-17                              -0.91    0.000  1.000  0.000     0.00   -1.000  0.000  0.000     0.00    0.000  0.000  1.000
    2.7887    0.7887    0.0000 -0.800 R   4.0055e+00   0.0000e+00   0.0000e+00   0.0000e+00   0.0000e+00   0.0000e+00                               0.00    0.000  1.000  0.000     0.00    0.000  0.000  1.000     4.01    1.000  0.000  0.000
    2.7887    0.7887    0.0000 -0.800 R   2.1922e-33   5.8469e-01   0.0000e+00   0.0000e+00   0.0000e+00   3.5802e-17                               0.00   -1.000  0.000  0.000     0.00    0.000  0.000  1.000     0.58    0.000  1.000  0.000
    2.7887    0.7887    0.0000        Z   2.3956e-02  -3.0883e-03  -9.9571e-03  -9.0261e-03  -3.5393e-03   1.3881e-02  -1.0387e-03  -1.5306e-02     1.0000  0.0000 -0.0000  -0.0000  1.0000 -0.0000
El      4   SH4                                     EL1      4      5     10      9           5      4
    3.2113    0.2113    0.0000 -0.906 C   9.2914e-06   2.7367e-06  -4.2442e-05   3.6759e-01   1.7135e-01  -6.3426e-01   1.3045e-02   1.1446e-03    -0.37    0.652  0.757 -0.028    -0.01   -0.077  0.103  0.992     0.93   -0.754  0.645 -0.126 0.01305   0.00114
    3.2113    0.2113    0.0000 -0.538 C   7.2811e-06   1.1981e-06  -2.5621e-05   2.8317e-01   9.9689e-02  -3.8579e-01   5.6094e-03   1.3799e-03    -0.21    0.623  0.782 -0.029    -0.02   -0.132  0.141  0.981     0.61   -0.771  0.608 -0.191 0.00561   0.00138
    3.2113    0.2113    0.0000  0.000 C   4.3372e-06  -1.0551e-06  -9.8901e-07   1.5626e-01  -7.1736e-03  -1.5030e-02   6.7373e-04   5.4215e-03    -0.09   -0.263  0.598  0.757     0.03    0.433  0.774 -0.461     0.21   -0.862  0.206 -0.463 0.00067   0.00542
    3.2113    0.2113    0.0000  0.538 C   1.3934e-06  -3.3083e-06   2.3643e-05   2.7927e-02  -1.1442e-01   3.5731e-01   1.6137e-03   1.0938e-02    -0.44   -0.621  0.741  0.255     0.03    0.084 -0.261  0.962     0.32    0.779  0.619  0.100 0.00161   0.01094
    3.2113    0.2113    0.0000  0.906 C  -6.1689e-07  -4.8469e-06   4.0464e-05  -5.9485e-02  -1.8727e-01   6.1026e-01   3.7377e-03  -4.5532e-03    -0.75   -0.664  0.732  0.152     0.02    0.063 -0.149  0.987     0.49    0.745  0.665  0.053 0.00374  -0.00455
    3.2113    0.2113    0.0000  0.800 R  -7.2793e-03   0.0000e+00   0.0000e+00   0.0000e+00   0.0000e+00   0.0000e+00                              -0.01    1.000  0.000  0.000     0.00    0.000  1.000  0.000     0.00    0.000  0.000  1.000
    3.2113    0.2113    0.0000  0.800 R  -3.3015e-33  -8.8053e-01   0.0000e+00   0.0000e+00   0.0000e+00  -5.3917e-17                              -0.88    0.000  1.000  0.000     0.00   -1.000  0.000  0.000     0.00    0.000  0.000  1.000
    3.2113    0.2113    0.0000 -0.800 R   1.7422e+00   0.0000e+00   0.0000e+00   0.0000e+00   0.0000e+00   0.0000e+00                               0.00    0.000  1.000  0.000     0.00    0.000  0.000  1.000     1.74    1.000  0.000  0.000
    3.2113    0.2113    0.0000 -0.800 R   1.7190e-33   4.5849e-01   0.0000e+00   0.0000e+00   0.0000e+00   2.8074e-17                              -0.00   -1.000  0.000  0.000     0.00    0.000  0.000  1.000     0.46    0.000  1.000  0.000
    3.2113    0.2113    0.0000        Z   3.9891e-02  -2.0284e-03  -3.4834e-03  -2.5655e-03  -2.1368e-03   7.1674e-03   2.4172e-02  -1.7376e-02     1.0000  0.0000 -0.0000  -0.0000  1.0000 -0.0000
    3.2113    0.7887    0.0000 -0.906 C   2.9306e-05   2.7367e-06  -4.4714e-05   1.0914e+00   3.1398e-01  -6.5424e-01   3.3804e-02   2.3763e-03    -0.10   -0.407 -0.727 -0.553     0.05    0.281  0.476 -0.833     1.46   -0.869  0.495 -0.010 0.03380   0.00238
    3.2113    0.7887    0.0000 -0.538 C   1.9041e-05   1.1981e-06  -2.7069e-05   7.1980e-01   1.8664e-01  -4.0442e-01   1.3452e-02   2.3273e-03    -0.09   -0.362 -0.690 -0.627     0.06    0.308  0.546 -0.779     0.94   -0.880  0.475 -0.015 0.01345   0.00233
    3.2113    0.7887    0.0000  0.000 C   4.0097e-06  -1.0551e-06  -1.2290e-06   1.4391e-01  -9.6519e-03  -1.8685e-02   3.3417e-04   5.5088e-03    -0.08    0.127  0.723  0.679     0.06    0.036 -0.687  0.725     0.15   -0.991  0.068  0.113 0.00033   0.00551
    3.2113    0.7887    0.0000  0.538 C  -1.1022e-05  -3.3083e-06   2.4611e-05  -4.4157e-01  -2.0844e-01   3.7245e-01   2.7423e-04   2.2966e-03    -0.72   -0.804  0.594  0.034    -0.04    0.342  0.415  0.843     0.11    0.487  0.689 -0.537 0.00027   0.00230
    3.2113    0.7887    0.0000  0.906 C  -2.1286e-05  -4.8469e-06   4.2256e-05  -8.4114e-01  -3.4409e-01   6.3936e-01   5.5954e-04   2.2973e-03    -1.28   -0.825  0.565  0.017    -0.04    0.279  0.381  0.881     0.13    0.492  0.732 -0.472 0.00056   0.00230
    3.2113    0.7887    0.0000  0.800 R  -3.6645e+00   0.0000e+00   0.0000e+00   0.0000e+00   0.0000e+00   0.0000e+00                              -3.66    1.000  0.000  0.000     0.00    0.000  1.000  0.000     0.00    0.000  0.000  1.000
    3.2113    0.7887    0.0000  0.800 R  -3.3015e-33  -8.8053e-01   0.0000e+00   0.0000e+00   0.0000e+00  -5.3917e-17                              -0.88    0.000  1.000  0.000     0.00   -1.000  0.000  0.000     0.00    0.000  0.000  1.000
    3.2113    0.7887    0.0000 -0.800 R   5.2684e+00   0.0000e+00   0.0000e+00   0.0000e+00   0.0000e+00   0.0000e+00                               0.00    0.000  1.000  0.000     0.00    0.000  0.000  1.000     5.27    1.000  0.000  0.000
    3.2113    0.7887    0.0000 -0.800 R   1.7190e-33   4.5849e-01   0.0000e+00   0.0000e+00   0.0000e+00   2.8074e-17                              -0.00   -1.000  0.000  0.000     0.00    0.000  0.000  1.000     0.46    0.000  1.000  0.000
    3.2113    0.7887    0.0000        Z   3.5619e-02  -3.0474e-03  -3.6824e-03  -1.1659e-02  -3.8701e-03   7.4680e-03  -5.3668e-03  -1.7315e-02     1.0000  0.0000 -0.0000  -0.0000  1.0000 -0.0000
    3.7887    0.2113    0.0000 -0.906 C   9.2914e-06   4.6522e-07  -2.2428e-05   3.5332e-01   8.7126e-02  -3.3776e-01   5.4960e-03  -2.8344e-03    -0.14    0.567  0.823 -0.037    -0.02   -0.131  0.135  0.982     0.60   -0.813  0.552 -0.185 0.00550  -0.00283
    3.7887    0.2113    0.0000 -0.538 C   7.2811e-06  -2.4908e-07  -1.3861e-05   2.7307e-01   4.5330e-02  -2.0936e-01   2.7392e-03  -4.1573e-03    -0.08    0.501  0.864  0.045    -0.03   -0.245  0.092  0.965     0.43   -0.830  0.495 -0.257 0.00274  -0.00416
    3.7887    0.2113    0.0000  0.000 C   4.3372e-06  -1.2951e-06  -1.3165e-06   1.5445e-01  -1.6264e-02  -2.0006e-02   6.6020e-04   6.4169e-03    -0.08   -0.256  0.609  0.750     0.01    0.428  0.768 -0.478     0.21   -0.867  0.199 -0.457 0.00066   0.00642
    3.7887    0.2113    0.0000  0.538 C   1.3934e-06  -2.3411e-06   1.1228e-05   3.5270e-02  -7.7968e-02   1.6982e-01   4.5385e-04   8.6409e-03    -0.25   -0.570  0.718  0.400     0.03   -0.015 -0.496  0.868     0.17    0.821  0.489  0.293 0.00045   0.00864
    3.7887    0.2113    0.0000  0.906 C  -6.1689e-07  -3.0554e-06   1.9795e-05  -4.6124e-02  -1.2006e-01   2.9935e-01   7.8801e-04  -5.8644e-03    -0.41    0.650 -0.715 -0.257     0.02    0.049 -0.297  0.953     0.22   -0.758 -0.632 -0.158 0.00079  -0.00586
    3.7887    0.2113    0.0000  0.800 R  -7.2793e-03   0.0000e+00   0.0000e+00   0.0000e+00   0.0000e+00   0.0000e+00                              -0.01    1.000  0.000  0.000     0.00    0.000  1.000  0.000     0.00    0.000  0.000  1.000
    3.7887    0.2113    0.0000  0.800 R  -2.1365e-33  -5.6983e-01   0.0000e+00   0.0000e+00   0.0000e+00  -3.4892e-17                              -0.57    0.000  1.000  0.000     0.00   -1.000  0.000  0.000     0.00    0.000  0.000  1.000
    3.7887    0.2113    0.0000 -0.800 R   1.7422e+00   0.0000e+00   0.0000e+00   0.0000e+00   0.0000e+00   0.0000e+00                               0.00    0.000  1.000  0.000     0.00    0.000  0.000  1.000     1.74    1.000  0.000  0.000
    3.7887    0.2113    0.0000 -0.800 R   1.9419e-34   5.1791e-02   0.0000e+00   0.0000e+00   0.0000e+00   3.1713e-18                               0.00   -1.000  0.000  0.000     0.00    0.000  0.000  1.000     0.05    0.000  1.000  0.000
    3.7887    0.2113    0.0000        Z   3.9570e-02  -4.3385e-03  -4.9258e-03  -2.4025e-03  -1.2232e-03   3.6642e-03   2.4226e-02  -1.5083e-02     1.0000  0.0000 -0.0000  -0.0000  1.0000 -0.0000
    3.7887    0.7887    0.0000 -0.906 C   2.9306e-05   4.6522e-07  -2.4699e-05   1.0865e+00   2.3341e-01  -3.6541e-01   2.3238e-02   2.3506e-03    -0.03    0.151  0.410  0.899     0.13    0.312  0.843 -0.437     1.22   -0.938  0.347 -0.001 0.02324   0.00235
    3.7887    0.7887    0.0000 -0.538 C   1.9041e-05  -2.4908e-07  -1.5308e-05   7.1180e-01   1.3310e-01  -2.2969e-01   9.5608e-03   2.3182e-03    -0.04    0.183  0.523  0.832     0.10    0.274  0.786 -0.554     0.79   -0.944  0.329  0.001 0.00956   0.00232
    3.7887    0.7887    0.0000  0.000 C   4.0097e-06  -1.2951e-06  -1.5565e-06   1.4210e-01  -1.8745e-02  -2.3662e-02   3.2807e-04   5.5628e-03    -0.08    0.146  0.750  0.645     0.05    0.010 -0.653  0.757     0.15   -0.989  0.104  0.103 0.00033   0.00556
    3.7887    0.7887    0.0000  0.538 C  -1.1022e-05  -2.3411e-06   1.2195e-05  -4.3435e-01  -1.7188e-01   1.8455e-01   5.6600e-05   2.2961e-03    -0.53   -0.888  0.460  0.016    -0.11    0.408  0.769  0.491     0.04   -0.214 -0.443  0.871 0.00006   0.00230
    3.7887    0.7887    0.0000  0.906 C  -2.1286e-05  -3.0554e-06   2.1586e-05  -8.2796e-01  -2.7644e-01   3.2671e-01   1.2480e-04   2.2963e-03    -0.98   -0.907  0.422  0.006    -0.15    0.391  0.835  0.388     0.03   -0.159 -0.354  0.921 0.00012   0.00230
    3.7887    0.7887    0.0000  0.800 R  -3.6645e+00   0.0000e+00   0.0000e+00   0.0000e+00   0.0000e+00   0.0000e+00                              -3.66    1.000  0.000  0.000     0.00    0.000  1.000  0.000     0.00    0.000  0.000  1.000
    3.7887    0.7887    0.0000  0.800 R  -2.1365e-33  -5.6983e-01   0.0000e+00   0.0000e+00   0.0000e+00  -3.4892e-17                              -0.57    0.000  1.000  0.000     0.00   -1.000  0.000  0.000     0.00    0.000  0.000  1.000
    3.7887    0.7887    0.0000 -0.800 R   5.2684e+00   0.0000e+00   0.0000e+00   0.0000e+00   0.0000e+00   0.0000e+00                               0.00    0.000  1.000  0.000     0.00    0.000  0.000  1.000     5.27    1.000  0.000  0.000
    3.7887    0.7887    0.0000 -0.800 R   1.9419e-34   5.1791e-02   0.0000e+00   0.0000e+00   0.0000e+00   3.1713e-18                               0.00   -1.000  0.000  0.000     0.00    0.000  0.000  1.000     0.05    0.000  1.000  0.000
    3.7887    0.7887    0.0000        Z   3.5690e-02  -5.1811e-03  -5.5293e-03  -1.1537e-02  -2.9701e-03   3.9900e-03  -5.3792e-03  -1.5031e-02     1.0000  0.0000 -0.0000  -0.0000  1.0000 -0.0000
El      5   SH4                                     EL1      6      7     12     11           5      4
    0.2113    1.2113    0.0000 -0.906 C   3.8656e-06   3.4011e-06  -1.3500e-04   1.5957e-01   1.4660e-01  -1.8972e+00   7.1969e-02   1.1839e-03    -1.75    0.703  0.709 -0.050    -0.02    0.108 -0.036  0.994     2.07   -0.703  0.704  0.102 0.07197   0.00118
